0.0000,0.0000,0.0000
0.0000,0.2992,0.3099
0.0000,0.2993,0.3100
0.0000,0.2992,0.3099
0.0000,0.2992,0.3099
0.0000,0.2992,0.3100
0.0000,0.2993,0.3100
0.0000,0.2992,0.3099
0.0000,0.2992,0.3099
0.0000,0.2992,0.3099
0.0000,0.2993,0.3100
0.0000,0.2992,0.3099
0.0000,0.2992,0.3099
0.0000,0.2992,0.3099
0.0000,0.2993,0.3101
0.0000,0.2992,0.3099
0.0000,0.2992,0.3099
0.0000,0.2992,0.3099
0.0000,0.2993,0.3100
0.0000,0.2992,0.3099
0.0000,0.2992,0.3099
0.0000,0.2992,0.3099
0.0000,0.2993,0.3100
0.0000,0.2992,0.3099
0.0000,0.2992,0.3100
0.0000,0.2992,0.3099
0.0000,0.2993,0.3100
0.0000,0.2992,0.3099
0.0000,0.2992,0.3099
0.0000,0.2993,0.3100
0.0000,0.2992,0.3099
0.0000,0.2992,0.3099
0.0000,0.2992,0.3099
0.0000,0.2993,0.3101
0.0000,0.2992,0.3099
0.0000,0.2992,0.3099
0.0000,0.2992,0.3099
0.0000,0.2993,0.3100
0.0000,0.2992,0.3099
0.0000,0.2992,0.3099
0.0000,0.2992,0.3099
0.0000,0.2993,0.3100
0.0000,0.2992,0.3100
0.0000,0.2992,0.3099
0.0000,0.2992,0.3099
0.0000,0.2993,0.3100
0.0000,0.2992,0.3099
0.0000,0.2992,0.3099
0.0000,0.2992,0.3099
0.0000,0.2993,0.3100
0.0000,0.2992,0.3099
0.0000,0.2992,0.3100
0.0000,0.2992,0.3099
0.0000,0.2993,0.3100
0.0000,0.2992,0.3099
0.0000,0.2992,0.3099
0.0000,0.2992,0.3099
0.0000,0.2993,0.3100
0.0000,0.2992,0.3099
0.0000,0.2992,0.3099
0.0000,0.2992,0.3100
0.0000,0.2993,0.3100
0.0000,0.2992,0.3099
0.0000,0.2992,0.3099
0.0000,0.2992,0.3099
0.0000,0.2993,0.3100
0.0000,0.2992,0.3099
0.0000,0.2992,0.3099
0.0000,0.2992,0.3099
0.0000,0.2993,0.3101
0.0000,0.2992,0.3099
0.0000,0.2992,0.3099
0.0000,0.2992,0.3099
0.0000,0.2993,0.3100
0.0000,0.2992,0.3099
0.0000,0.2992,0.3099
0.0000,0.2992,0.3099
0.0000,0.2993,0.3100
0.0000,0.2992,0.3099
0.0000,0.2992,0.3100
0.0000,0.2992,0.3099
0.0000,0.2993,0.3100
0.0000,0.2992,0.3099
0.0000,0.2992,0.3099
0.0000,0.2992,0.3099
0.0000,0.2993,0.3100
0.0000,0.2992,0.3099
0.0000,0.2992,0.3099
0.0000,0.2992,0.3100
0.0000,0.2993,0.3100
0.0000,0.2992,0.3099
0.0000,0.2992,0.3099
0.0000,0.2992,0.3099
0.0000,0.2993,0.3100
0.0000,0.2992,0.3099
0.0000,0.2992,0.3099
0.0000,0.2992,0.3099
0.0000,0.2993,0.3101
0.0000,0.2992,0.3099
0.0000,0.2992,0.3099
0.0000,0.2992,0.3099
0.0000,0.2993,0.3100
0.0000,0.2992,0.3099
0.0000,0.2992,0.3099
0.0000,0.2992,0.3099
0.0000,0.2993,0.3100
0.0000,0.2992,0.3100
0.0000,0.2992,0.3099
0.0000,0.2992,0.3099
0.0000,0.2993,0.3100
0.0000,0.2992,0.3099
0.0000,0.2992,0.3099
0.0000,0.2993,0.3100
0.0000,0.2992,0.3099
0.0000,0.2992,0.3099
0.0000,0.2992,0.3100
0.0000,0.2993,0.3100
0.0000,0.2992,0.3099
0.0000,0.2992,0.3099
0.0000,0.2992,0.3099
0.0000,0.2993,0.3100
0.0000,0.2992,0.3099
0.0000,0.2992,0.3099
0.0000,0.2992,0.3099
0.0000,0.2993,0.3100
0.0000,0.2992,0.3100
0.0000,0.2992,0.3099
0.0000,0.2992,0.3099
0.0000,0.2993,0.3100
0.0000,0.2992,0.3099
0.0000,0.2992,0.3099
0.0000,0.2992,0.3099
0.0000,0.2993,0.3100
0.0000,0.2992,0.3099
0.0000,0.2992,0.3100
0.0000,0.2992,0.3099
0.0000,0.2993,0.3100
0.0000,0.2992,0.3099
0.0000,0.2992,0.3099
0.0000,0.2992,0.3099
0.0000,0.2993,0.3100
0.0000,0.2992,0.3099
0.0000,0.2992,0.3099
0.0000,0.2992,0.3100
0.0000,0.2993,0.3100
0.0000,0.2992,0.3099
0.0000,0.2992,0.3099
0.0000,0.2992,0.3099
0.0000,0.2993,0.3100
0.0000,0.2992,0.3099
0.0000,0.2992,0.3099
0.0000,0.2992,0.3099
0.0000,0.2993,0.3101
0.0000,0.2992,0.3099
0.0000,0.2992,0.3099
0.0000,0.2992,0.3099
0.0000,0.2993,0.3100
0.0000,0.2992,0.3099
0.0000,0.2992,0.3099
0.0000,0.2992,0.3099
0.0000,0.2993,0.3100
0.0000,0.2992,0.3100
0.0000,0.2992,0.3099
0.0000,0.2992,0.3099
0.0000,0.2993,0.3100
0.0000,0.2992,0.3099
0.0000,0.2992,0.3099
0.0000,0.2992,0.3099
0.0000,0.2993,0.3100
0.0000,0.2992,0.3099
0.0000,0.2992,0.3099
0.0000,0.2992,0.3100
0.0000,0.2993,0.3100
0.0000,0.2992,0.3099
0.0000,0.2992,0.3099
0.0000,0.2992,0.3099
0.0000,0.2993,0.3100
0.0000,0.2992,0.3099
0.0000,0.2992,0.3099
0.0000,0.2992,0.3099
0.0000,0.2993,0.3101
0.0000,0.2992,0.3099
0.0000,0.2992,0.3099
0.0000,0.2992,0.3099
0.0000,0.2993,0.3100
0.0000,0.2992,0.3099
0.0000,0.2992,0.3099
0.0000,0.2992,0.3099
0.0000,0.2993,0.3100
0.0000,0.2992,0.3100
0.0000,0.2992,0.3099
0.0000,0.2992,0.3099
0.0000,0.2993,0.3100
0.0000,0.2992,0.3099
5.0535,0.0700,0.3681
0.0000,0.0701,0.3681
0.0000,0.0700,0.3681
0.0000,0.0700,0.3680
0.0000,0.0701,0.3682
0.0000,0.0700,0.3681
0.0000,0.0700,0.3680
0.0000,0.0701,0.3682
0.0000,0.0700,0.3680
0.0000,0.0700,0.3681
0.0000,0.0701,0.3682
0.0000,0.0700,0.3680
0.0000,0.0701,0.3682
0.0000,0.0700,0.3680
0.0000,0.0700,0.3681
0.0000,0.0701,0.3682
0.0000,0.0700,0.3680
0.0000,0.0700,0.3681
0.0000,0.0701,0.3681
0.0000,0.0700,0.3681
0.0000,0.0700,0.3681
0.0000,0.0701,0.3681
0.0000,0.0700,0.3681
0.0000,0.0700,0.3680
0.0000,0.0701,0.3682
0.0000,0.0700,0.3681
0.0000,0.0700,0.3680
0.0000,0.0701,0.3682
0.0000,0.0700,0.3680
0.0000,0.0700,0.3681
0.0000,0.0701,0.3682
0.0000,0.0700,0.3680
0.0000,0.0701,0.3682
0.0000,0.0700,0.3680
0.0000,0.0700,0.3681
0.0000,0.0701,0.3682
0.0000,0.0700,0.3680
0.0000,0.0700,0.3681
0.0000,0.0701,0.3681
0.0000,0.0700,0.3681
0.0000,0.0700,0.3681
0.0000,0.0701,0.3681
0.0000,0.0700,0.3681
0.0000,0.0700,0.3680
0.0000,0.0701,0.3682
0.0000,0.0700,0.3681
0.0000,0.0700,0.3680
0.0000,0.0701,0.3682
0.0000,0.0700,0.3680
0.0000,0.0700,0.3681
0.0000,0.0701,0.3682
0.0000,0.0700,0.3680
0.0000,0.0701,0.3682
0.0000,0.0700,0.3680
0.0000,0.0700,0.3681
0.0000,0.0701,0.3682
0.0000,0.0700,0.3680
0.0000,0.0700,0.3681
0.0000,0.0701,0.3681
0.0000,0.0700,0.3681
0.0000,0.0700,0.3681
0.0000,0.0701,0.3681
0.0000,0.0700,0.3681
0.0000,0.0700,0.3680
0.0000,0.0701,0.3682
0.0000,0.0700,0.3681
0.0000,0.0700,0.3680
0.0000,0.0701,0.3682
0.0000,0.0700,0.3680
0.0000,0.0700,0.3681
0.0000,0.0701,0.3682
0.0000,0.0700,0.3680
0.0000,0.0701,0.3682
0.0000,0.0700,0.3680
0.0000,0.0700,0.3681
0.0000,0.0701,0.3682
0.0000,0.0700,0.3680
0.0000,0.0700,0.3681
0.0000,0.0701,0.3681
0.0000,0.0700,0.3681
0.0000,0.0700,0.3681
0.0000,0.0701,0.3681
0.0000,0.0700,0.3681
0.0000,0.0700,0.3680
0.0000,0.0701,0.3682
0.0000,0.0700,0.3681
0.0000,0.0700,0.3680
0.0000,0.0701,0.3682
0.0000,0.0700,0.3680
0.0000,0.0700,0.3681
0.0000,0.0701,0.3682
0.0000,0.0700,0.3680
0.0000,0.0701,0.3682
0.0000,0.0700,0.3680
-0.0172,0.2062,-0.2579
0.0172,-0.2062,0.2579
0.0000,-0.0000,-0.0000
0.0172,-0.2120,0.2579
0.0000,-0.0000,-0.0000
0.0344,-0.4068,0.5156
0.0000,-0.0000,-0.0000
-0.2120,0.1833,-0.2349
0.0000,-0.0000,-0.0000
-0.1948,-0.0172,0.0229
0.0000,-0.0000,-0.0000
-0.1949,-0.0171,0.0172
0.0000,-0.0000,-0.0000
-0.1948,-0.0115,0.0229
0.0000,-0.0000,-0.0000
-0.1948,-0.0172,0.0172
0.0000,-0.0000,-0.0000
-0.1948,-0.0114,0.0173
0.0000,-0.0000,-0.0000
-0.1948,-0.0172,0.0171
0.0000,-0.7506,-0.3896
-1.9709,0.0450,-0.0557
0.0000,0.0450,-0.0557
0.0000,0.0450,-0.0556
0.0000,0.0451,-0.0556
0.0000,0.0450,-0.0557
0.0000,0.0450,-0.0557
0.0000,0.0450,-0.0556
0.0000,0.7506,0.3896
0.0057,-0.2063,0.2578
0.0000,-0.0000,-0.0000
0.2005,-0.2005,0.2464
0.0000,-0.0000,-0.0000
0.0115,-0.2005,0.2579
0.0000,-0.0000,-0.0000
0.1948,0.0057,-0.0058
0.0000,-0.0000,-0.0000
0.0057,-0.2006,0.2520
0.0000,-0.0000,-0.0000
0.2005,0.0058,-0.0056
0.0000,-0.0000,-0.0000
0.0058,-0.2006,0.2520
0.0000,-0.0000,-0.0000
0.2005,0.0058,-0.0114
0.0000,-0.0000,-0.0000
0.0057,-0.2006,0.2578
0.0000,-0.0000,-0.0000
0.2006,0.0115,-0.0114
0.0000,-0.0000,-0.0000
0.0057,-0.1948,0.2578
0.0000,-0.0000,-0.0000
0.2005,0.0057,-0.0172
0.0000,-0.0000,-0.0000
0.0115,-0.1948,0.2578
0.0000,-0.0000,-0.0000
0.0115,-0.1948,0.2521
0.0000,-0.0000,-0.0000
0.2005,0.0115,-0.0114
0.0000,-0.0000,-0.0000
0.0115,-0.1948,0.2521
0.0000,-0.0000,-0.0000
0.2005,0.0114,-0.0115
0.0000,-0.0000,-0.0000
0.0114,-0.1948,0.2521
0.0000,-0.0000,-0.0000
0.2006,0.0115,-0.0171
0.0000,-0.0000,-0.0000
0.0114,-0.1891,0.2578
0.0000,-0.0000,-0.0000
0.0172,-0.1891,0.2521
0.0000,-0.0000,-0.0000
0.2006,0.0115,-0.0172
0.0000,-0.0000,-0.0000
0.2062,0.0114,-0.0172
0.0000,-0.0000,-0.0000
0.2006,0.0115,-0.0172
0.0000,-0.0000,-0.0000
0.2005,0.0172,-0.0229
0.0000,-0.0000,-0.0000
-0.0115,0.1891,-0.2521
0.0000,-0.0000,-0.0000
0.2006,0.0172,-0.0172
0.0000,-0.0000,-0.0000
-0.0172,0.1890,-0.2579
0.0000,-0.0000,-0.0000
0.1833,0.2120,-0.2750
0.0000,-0.0000,-0.0000
-0.0172,0.1948,-0.2521
0.0000,-0.0000,-0.0000
0.2006,0.0172,-0.0229
0.0000,-0.0000,-0.0000
-0.0172,0.1948,-0.2521
0.0000,-0.0000,-0.0000
0.2005,0.0172,-0.0229
0.0000,-0.0000,-0.0000
-0.0229,0.1948,-0.2578
0.0000,-0.0000,-0.0000
0.2005,0.0229,-0.0230
0.0000,-0.0000,-0.0000
-0.0171,0.1948,-0.2521
0.0000,-0.0000,-0.0000
0.1948,0.0230,-0.0228
0.0000,-0.0000,-0.0000
-0.0172,0.2005,-0.2579
0.0000,-0.7620,-0.3953
-0.4126,0.0830,-0.1032
0.0000,0.0831,-0.1031
0.0000,0.7563,0.3953
-0.1948,-0.0172,0.0229
0.0000,-0.0000,-0.0000
0.0172,-0.2005,0.2522
0.0000,-0.0000,-0.0000
-0.1948,-0.0172,0.0229
0.0000,-0.0000,-0.0000
0.0115,-0.2005,0.2578
0.0000,-0.0000,-0.0000
-0.1948,-0.0172,0.0172
0.0000,-0.0000,-0.0000
0.0172,-0.1948,0.2579
0.0000,-0.0000,-0.0000
-0.2006,-0.0172,0.0171
0.0000,-0.0000,-0.0000
0.0172,-0.2005,0.2579
0.0000,-0.0000,-0.0000
0.0115,-0.1948,0.2521
0.0000,-0.0000,-0.0000
-0.1948,-0.0115,0.0229
0.0000,-0.0000,-0.0000
-0.2006,-0.0172,0.0172
0.0000,-0.0000,-0.0000
-0.2005,-0.0115,0.0171
0.0000,-0.0000,-0.0000
-0.0172,0.1949,-0.2577
0.0000,-0.0000,-0.0000
-0.1948,-0.0115,0.0171
0.0000,-0.0000,-0.0000
-0.0172,0.1948,-0.2521
0.0000,-0.0000,-0.0000
-0.0114,0.2005,-0.2579
0.0000,-0.0000,-0.0000
-0.1948,-0.0114,0.0173
0.0000,-0.0000,-0.0000
-0.0115,0.2005,-0.2579
0.0000,-0.0000,-0.0000
-0.2005,-0.0114,0.0173
0.0000,-0.0000,-0.0000
-0.0115,0.2005,-0.2579
0.0000,-0.0000,-0.0000
-0.1948,-0.0115,0.0114
0.0000,-0.0000,-0.0000
-0.0115,0.2006,-0.2520
0.0000,-0.7563,-0.3953
0.5787,0.1231,-0.1491
0.0000,0.1232,-0.1490
0.0000,0.7506,0.3897
-0.1948,-0.0115,0.0171
0.0000,-0.0000,-0.0000
-0.2005,-0.0114,0.0115
0.0000,-0.0000,-0.0000
-0.1948,-0.0115,0.0172
0.0000,-0.0000,-0.0000
-0.1834,-0.2177,0.2693
0.0000,-0.7506,-0.3954
-0.8078,0.1181,-0.1443
0.0000,0.1180,-0.1444
0.0000,0.1180,-0.1444
0.0000,0.1180,-0.1444
0.0000,0.1181,-0.1443
0.0000,0.7448,0.3895
0.1948,0.0057,-0.0115
0.0000,-0.0000,-0.0000
0.1948,0.0115,-0.0114
0.0000,-0.0000,-0.0000
0.1948,0.0057,-0.0115
0.0000,-0.0000,-0.0000
-0.0115,0.2120,-0.2578
0.0000,-0.0000,-0.0000
-0.0057,0.2063,-0.2578
0.0000,-0.0000,-0.0000
-0.0115,0.2120,-0.2578
0.0000,-0.0000,-0.0000
-0.0057,0.2120,-0.2578
0.0000,-0.0000,-0.0000
-0.0057,0.2177,-0.2636
0.0000,-0.0000,-0.0000
-0.0115,0.2120,-0.2578
0.0000,-0.0000,-0.0000
-0.0057,0.2177,-0.2636
0.0000,-0.0000,-0.0000
-0.0115,0.2235,-0.2578
0.0000,-0.0000,-0.0000
-0.0057,0.2177,-0.2636
0.0000,-0.0000,-0.0000
-0.0115,0.2235,-0.2635
0.0000,-0.0000,-0.0000
-0.0057,0.2234,-0.2636
0.0000,-0.0000,-0.0000
-0.0057,0.2235,-0.2635
0.0000,-0.0000,-0.0000
-0.0115,0.2292,-0.2636
0.0000,-0.0000,-0.0000
-0.0057,0.2291,-0.2694
0.0000,-0.0000,-0.0000
-0.0115,0.2292,-0.2635
0.0000,-0.0000,-0.0000
-0.0057,0.2292,-0.2635
0.0000,-0.0000,-0.0000
-0.0057,0.2349,-0.2693
0.0000,-0.0000,-0.0000
-0.0115,0.2349,-0.2694
0.0000,-0.0000,-0.0000
-0.0057,0.2349,-0.2693
0.0000,-0.0000,-0.0000
0.1833,0.0115,-0.0114
0.0000,-0.0000,-0.0000
-0.0057,0.2406,-0.2693
0.0000,-0.0000,-0.0000
0.1776,0.0058,-0.0114
0.0000,-0.0000,-0.0000
0.1834,0.0172,-0.0114
0.0000,-0.0000,-0.0000
0.1833,0.0114,-0.0173
0.0000,-0.0000,-0.0000
0.1833,0.0115,-0.0114
0.0000,-0.0000,-0.0000
0.1777,0.0114,-0.0173
0.0000,-0.0000,-0.0000
0.1833,0.0172,-0.0171
0.0000,-0.0000,-0.0000
0.1834,0.0172,-0.0172
0.0000,-0.0000,-0.0000
0.1776,0.0172,-0.0172
0.0000,-0.0000,-0.0000
0.1833,0.0172,-0.0229
0.0000,-0.0000,-0.0000
0.1834,0.0172,-0.0172
0.0000,-0.0000,-0.0000
0.1833,0.0172,-0.0229
0.0000,-0.0000,-0.0000
0.1776,0.0172,-0.0229
0.0000,-0.0000,-0.0000
0.1834,0.0229,-0.0229
0.0000,-0.0000,-0.0000
0.1776,0.0229,-0.0230
0.0000,-0.0000,-0.0000
0.0172,-0.2406,0.2694
0.0000,-0.0000,-0.0000
0.1833,0.0229,-0.0230
0.0000,-0.0000,-0.0000
0.0172,-0.2407,0.2693
0.0000,-0.0000,-0.0000
0.2006,-0.2120,0.2406
0.0000,-0.0000,-0.0000
0.0171,-0.2349,0.2693
0.0000,-0.0000,-0.0000
0.0172,-0.2349,0.2636
0.0000,-0.0000,-0.0000
0.0172,-0.2292,0.2635
0.0000,-0.0000,-0.0000
0.0172,-0.2292,0.2693
0.0000,-0.0000,-0.0000
-0.1833,-0.0229,0.0229
0.0000,-0.0000,-0.0000
-0.1834,-0.0172,0.0229
0.0000,-0.0000,-0.0000
-0.1891,-0.0229,0.0287
0.0000,-0.0000,-0.0000
-0.0171,0.2292,-0.2693
0.0000,-0.0000,-0.0000
-0.0115,0.2292,-0.2635
0.0000,-0.0000,-0.0000
-0.0172,0.2349,-0.2693
0.0000,-0.0000,-0.0000
-0.1833,-0.0229,0.0229
0.0000,-0.0000,-0.0000
-0.0172,0.2349,-0.2635
0.0000,-0.0000,-0.0000
-0.1834,-0.0172,0.0229
0.0000,-0.0000,-0.0000
-0.1833,-0.0172,0.0171
0.0000,-0.0000,-0.0000
-0.1834,-0.0229,0.0230
0.0000,-0.0000,-0.0000
-0.1833,-0.0115,0.0171
0.0000,-0.0000,-0.0000
-0.1834,-0.0172,0.0172
0.0000,-0.0000,-0.0000
-0.1833,-0.0171,0.0230
0.0000,-0.0000,-0.0000
-0.1834,-0.0172,0.0115
0.0000,-0.0000,-0.0000
-0.1833,-0.0115,0.0171
0.0000,-0.0000,-0.0000
-0.1834,-0.0115,0.0171
0.0000,-0.0000,-0.0000
-0.1833,-0.0114,0.0116
0.0000,-0.0000,-0.0000
0.0115,-0.2349,0.2693
0.0000,-0.0000,-0.0000
0.0057,-0.2349,0.2693
0.0000,-0.0000,-0.0000
0.0115,-0.2292,0.2635
0.0000,-0.0000,-0.0000
0.0114,-0.2292,0.2636
0.0000,-0.0000,-0.0000
0.0057,-0.2235,0.2635
0.0000,-0.0000,-0.0000
0.0115,-0.2291,0.2636
0.0000,-0.0000,-0.0000
0.0115,-0.2235,0.2635
0.0000,-0.0000,-0.0000
0.0114,-0.2177,0.2636
0.0000,-0.0000,-0.0000
0.0057,-0.2235,0.2635
0.0000,-0.0000,-0.0000
0.0115,-0.2177,0.2636
0.0000,-0.0000,-0.0000
0.0115,-0.2177,0.2579
0.0000,-0.0000,-0.0000
0.0114,-0.2177,0.2636
0.0000,-0.0000,-0.0000
0.0058,-0.2120,0.2578
0.0000,-0.0000,-0.0000
0.0114,-0.2120,0.2578
0.0000,-0.0000,-0.0000
0.0115,-0.2120,0.2578
0.0000,-0.0000,-0.0000
0.1948,0.0114,-0.0115
0.0000,-0.0000,-0.0000
0.0114,-0.2120,0.2578
0.0000,-0.0000,-0.0000
0.1891,0.0115,-0.0171
0.0000,-0.0000,-0.0000
0.1948,0.0172,-0.0172
0.0000,-0.0000,-0.0000
0.1948,0.0114,-0.0115
0.0000,-0.0000,-0.0000
0.1948,0.0172,-0.0229
0.0000,-0.0000,-0.0000
0.1891,0.0115,-0.0172
0.0000,-0.0000,-0.0000
0.1948,0.0172,-0.0171
0.0000,-0.0000,-0.0000
-0.0172,0.2120,-0.2579
0.0000,-0.0000,-0.0000
0.1776,0.2292,-0.2807
0.0000,-0.0000,-0.0000
-0.0114,0.2120,-0.2578
0.0000,-0.0000,-0.0000
-0.0172,0.2119,-0.2637
0.0000,-0.0000,-0.0000
-0.0172,0.2178,-0.2577
0.0000,-0.0000,-0.0000
-0.2005,0.2005,-0.2407
0.0000,-0.0000,-0.0000
-0.0172,0.2177,-0.2636
0.0000,-0.0000,-0.0000
-0.0115,0.2235,-0.2578
0.0000,-0.0000,-0.0000
-0.1891,-0.0172,0.0172
0.0000,-0.0000,-0.0000
-0.1890,-0.0172,0.0172
0.0000,-0.0000,-0.0000
-0.1891,-0.0114,0.0172
0.0000,-0.0000,-0.0000
-0.1891,-0.0172,0.0172
0.0000,-0.0000,-0.0000
-0.1891,-0.0115,0.0171
0.0000,-0.0000,-0.0000
-0.0114,0.2235,-0.2635
0.0000,-0.0000,-0.0000
-0.0115,0.2234,-0.2636
0.0000,-0.0000,-0.0000
0.1891,0.0115,-0.0171
0.0000,-0.0000,-0.0000
0.1776,0.2406,-0.2751
0.0000,-0.0000,-0.0000
0.1834,0.0172,-0.0229
0.0000,-0.0000,-0.0000
0.1890,0.0115,-0.0171
0.0000,-0.0000,-0.0000
0.1834,0.0171,-0.0173
0.0000,-0.0000,-0.0000
0.2005,-0.2062,0.2407
0.0000,-0.0000,-0.0000
0.1891,0.0172,-0.0172
0.0000,-0.0000,-0.0000
0.1833,0.0172,-0.0229
0.0000,-0.0000,-0.0000
0.0172,-0.2235,0.2635
0.0000,-0.0000,-0.0000
0.0172,-0.2234,0.2579
0.0000,-0.0000,-0.0000
0.0172,-0.2178,0.2635
0.0000,-0.0000,-0.0000
0.2063,-0.2005,0.2407
0.0000,-0.0000,-0.0000
-0.1719,-0.2406,0.2808
0.0000,-0.0000,-0.0000
0.2062,-0.1949,0.2405
0.0000,-0.0000,-0.0000
0.0172,-0.2177,0.2579
0.0000,-0.0000,-0.0000
0.0172,-0.2120,0.2578
0.0000,-0.0000,-0.0000
0.0172,-0.2120,0.2578
0.0000,-0.7391,-0.3781
0.7735,0.1311,-0.1533
0.0000,0.1310,-0.1533
0.0000,0.1311,-0.1532
0.0000,0.1311,-0.1532
0.0000,0.1310,-0.1534
0.0000,0.1311,-0.1532
0.0000,0.1311,-0.1532
0.0000,0.1310,-0.1534
0.0000,0.1311,-0.1532
0.0000,0.1311,-0.1532
0.0000,0.1310,-0.1534
0.0000,0.1311,-0.1532
0.0000,0.1311,-0.1532
0.0000,0.1310,-0.1534
0.0000,0.1311,-0.1532
0.0000,0.1310,-0.1533
0.0000,0.7162,0.3610
0.0229,-0.2234,0.2578
0.0000,-0.0000,-0.0000
0.0172,-0.2235,0.2636
0.0000,-0.0000,-0.0000
0.0229,-0.2234,0.2636
0.0000,-0.0000,-0.0000
0.0172,-0.2177,0.2578
0.0000,-0.0000,-0.0000
0.0229,-0.2235,0.2635
0.0000,-0.0000,-0.0000
0.0172,-0.2120,0.2579
0.0000,-0.0000,-0.0000
0.0229,-0.2177,0.2635
0.0000,-0.0000,-0.0000
0.0172,-0.2120,0.2579
0.0000,-0.0000,-0.0000
0.0230,-0.2120,0.2578
0.0000,-0.0000,-0.0000
0.0229,-0.2120,0.2578
0.0000,-0.0000,-0.0000
0.0172,-0.2120,0.2578
0.0000,-0.0000,-0.0000
0.0229,-0.2063,0.2578
0.0000,-0.0000,-0.0000
-0.3896,-0.0458,0.0516
0.0000,-0.0000,-0.0000
-0.1891,-0.0172,0.0287
0.0000,-0.0000,-0.0000
-0.1948,-0.0229,0.0229
0.0000,-0.7448,-0.3838
0.4068,-0.0860,0.1002
0.0000,-0.0859,0.1003
0.0000,0.7505,0.3895
0.0172,-0.2062,0.2579
0.0000,-0.7506,-0.3896
-0.1547,-0.1074,0.1332
0.0000,-0.1075,0.1332
0.0000,-0.1074,0.1332
0.0000,-0.1074,0.1333
0.0000,0.7563,0.3953
-0.0172,0.2005,-0.2579
0.0000,-0.0000,-0.0000
0.1948,0.0229,-0.0286
0.0000,-0.7563,-0.3896
0.3495,0.1146,-0.1404
0.0000,0.1146,-0.1404
0.0000,0.1146,-0.1403
0.0000,0.1146,-0.1404
0.0000,0.7506,0.3896
0.0172,-0.2063,0.2521
0.0000,-0.0000,-0.0000
0.0229,-0.2005,0.2579
0.0000,-0.0000,-0.0000
0.0229,-0.2063,0.2520
0.0000,-0.0000,-0.0000
0.0229,-0.2005,0.2579
0.0000,-0.0000,-0.0000
0.0172,-0.2006,0.2520
0.0000,-0.0000,-0.0000
0.0229,-0.1948,0.2579
0.0000,-0.0000,-0.0000
0.0230,-0.1948,0.2521
0.0000,-0.0000,-0.0000
0.0229,-0.2005,0.2521
0.0000,-0.0000,-0.0000
0.2005,0.0229,-0.0286
0.0000,-0.0000,-0.0000
0.2006,0.0229,-0.0287
0.0000,-0.0000,-0.0000
0.1948,0.0229,-0.0287
0.0000,-0.0000,-0.0000
-0.0230,0.2006,-0.2520
0.0000,-0.0000,-0.0000
-0.0229,0.1948,-0.2579
0.0000,-0.0000,-0.0000
-0.0229,0.2005,-0.2521
0.0000,-0.0000,-0.0000
-0.0286,0.1948,-0.2578
0.0000,-0.0000,-0.0000
-0.0230,0.2006,-0.2521
0.0000,-0.0000,-0.0000
-0.0229,0.2062,-0.2579
0.0000,-0.0000,-0.0000
-0.0229,0.2006,-0.2520
0.0000,-0.0000,-0.0000
-0.0229,0.2062,-0.2579
0.0000,-0.0000,-0.0000
-0.0229,0.2063,-0.2578
0.0000,-0.0000,-0.0000
-0.0230,0.2120,-0.2521
0.0000,-0.0000,-0.0000
-0.0229,0.2063,-0.2578
0.0000,-0.0000,-0.0000
-0.0229,0.2119,-0.2579
0.0000,-0.0000,-0.0000
-0.0229,0.2120,-0.2636
0.0000,-0.0000,-0.0000
-0.0229,0.2178,-0.2577
0.0000,-0.0000,-0.0000
-0.0229,0.2120,-0.2578
0.0000,-0.0000,-0.0000
-0.0230,0.2177,-0.2579
0.0000,-0.0000,-0.0000
-0.0171,0.2177,-0.2636
0.0000,-0.0000,-0.0000
-0.0230,0.2235,-0.2578
0.0000,-0.0000,-0.0000
-0.0229,0.2234,-0.2636
0.0000,-0.0000,-0.0000
-0.0229,0.2235,-0.2635
0.0000,-0.0000,-0.0000
-0.0172,0.2234,-0.2636
0.0000,-0.0000,-0.0000
-0.0229,0.2235,-0.2635
0.0000,-0.7105,-0.3553
-0.5558,-0.0372,0.0430
0.0000,-0.0373,0.0429
0.0000,0.7105,0.3610
-0.0172,0.2292,-0.2692
0.0000,-0.0000,-0.0000
0.1834,0.0229,-0.0230
0.0000,-0.0000,-0.0000
0.1833,0.0286,-0.0344
0.0000,-0.0000,-0.0000
0.1834,0.0230,-0.0286
0.0000,-0.7105,-0.3495
0.4641,0.1275,-0.1439
0.0000,0.1275,-0.1440
0.0000,0.1274,-0.1440
0.0000,0.1275,-0.1440
0.0000,0.1275,-0.1439
0.0000,0.1275,-0.1439
0.0000,0.1275,-0.1440
0.0000,0.1275,-0.1439
0.0000,0.7047,0.3437
-0.0230,0.2349,-0.2693
0.0000,-0.0000,-0.0000
-0.1833,-0.0286,0.0344
0.0000,-0.0000,-0.0000
-0.1776,-0.0287,0.0344
0.0000,-0.0000,-0.0000
-0.1834,-0.0229,0.0286
0.0000,-0.0000,-0.0000
-0.1833,-0.0287,0.0286
0.0000,-0.0000,-0.0000
-0.1776,-0.0229,0.0287
0.0000,-0.0000,-0.0000
-0.1834,-0.0286,0.0287
0.0000,-0.0000,-0.0000
-0.0172,0.2406,-0.2693
0.0000,-0.0000,-0.0000
-0.0171,0.2407,-0.2693
0.0000,-0.0000,-0.0000
0.1776,0.0229,-0.0286
0.0000,-0.0000,-0.0000
0.1833,0.0286,-0.0287
0.0000,-0.0000,-0.0000
0.1604,0.2636,-0.2979
0.0000,-0.0000,-0.0000
0.1777,0.0286,-0.0345
0.0000,-0.0000,-0.0000
0.1776,0.0287,-0.0285
0.0000,-0.0000,-0.0000
0.1833,0.0286,-0.0345
0.0000,-0.0000,-0.0000
0.2006,-0.2120,0.2407
0.0000,-0.0000,-0.0000
0.1776,0.0287,-0.0344
0.0000,-0.0000,-0.0000
0.1776,0.0344,-0.0343
0.0000,-0.0000,-0.0000
0.0229,-0.2407,0.2692
0.0000,-0.0000,-0.0000
0.1834,0.0287,-0.0343
0.0000,-0.6933,-0.3438
-0.4928,-0.1146,0.1272
0.0000,-0.1146,0.1272
0.0000,-0.1146,0.1272
0.0000,-0.1146,0.1271
0.0000,-0.1146,0.1272
0.0000,0.6990,0.3438
0.0172,-0.2349,0.2693
0.0000,-0.0000,-0.0000
0.0229,-0.2349,0.2636
0.0000,-0.0000,-0.0000
0.0287,-0.2292,0.2693
0.0000,-0.0000,-0.0000
0.0229,-0.2349,0.2635
0.0000,-0.0000,-0.0000
0.0229,-0.2234,0.2636
0.0000,-0.0000,-0.0000
0.0229,-0.2292,0.2636
0.0000,-0.0000,-0.0000
0.0229,-0.2235,0.2635
0.0000,-0.0000,-0.0000
0.0230,-0.2234,0.2636
0.0000,-0.0000,-0.0000
0.0229,-0.2235,0.2578
0.0000,-0.0000,-0.0000
0.0286,-0.2234,0.2636
0.0000,-0.0000,-0.0000
0.0229,-0.2178,0.2578
0.0000,-0.0000,-0.0000
0.0230,-0.2177,0.2635
0.0000,-0.0000,-0.0000
0.0229,-0.2177,0.2579
0.0000,-0.0000,-0.0000
0.0286,-0.2120,0.2578
0.0000,-0.0000,-0.0000
0.0229,-0.2120,0.2579
0.0000,-0.0000,-0.0000
0.0230,-0.2120,0.2578
0.0000,-0.0000,-0.0000
0.0286,-0.2120,0.2578
0.0000,-0.0000,-0.0000
0.0229,-0.2062,0.2579
0.0000,-0.0000,-0.0000
0.0287,-0.2120,0.2521
0.0000,-0.0000,-0.0000
0.0229,-0.2006,0.2578
0.0000,-0.0000,-0.0000
0.0286,-0.2062,0.2579
0.0000,-0.0000,-0.0000
0.0230,-0.2006,0.2520
0.0000,-0.0000,-0.0000
0.0286,-0.2062,0.2579
0.0000,-0.0000,-0.0000
0.0287,-0.2006,0.2520
0.0000,-0.0000,-0.0000
0.0229,-0.1948,0.2521
0.0000,-0.0000,-0.0000
0.0286,-0.2005,0.2579
0.0000,-0.0000,-0.0000
0.0287,-0.1948,0.2521
0.0000,-0.0000,-0.0000
0.0229,-0.1948,0.2521
0.0000,-0.0000,-0.0000
0.0286,-0.1891,0.2521
0.0000,-0.0000,-0.0000
0.0287,-0.1948,0.2521
0.0000,-0.0000,-0.0000
0.2005,0.0286,-0.0344
0.0000,-0.0000,-0.0000
0.2006,0.0287,-0.0344
0.0000,-0.0000,-0.0000
0.2005,0.0286,-0.0401
0.0000,-0.0000,-0.0000
-0.0344,0.1891,-0.2521
0.0000,-0.0000,-0.0000
-0.0286,0.1948,-0.2521
0.0000,-0.0000,-0.0000
-0.0287,0.1948,-0.2521
0.0000,-0.0000,-0.0000
-0.0286,0.1948,-0.2521
0.0000,-0.0000,-0.0000
-0.0287,0.1948,-0.2578
0.0000,-0.0000,-0.0000
-0.0286,0.2006,-0.2521
0.0000,-0.0000,-0.0000
-0.0287,0.2005,-0.2521
0.0000,-0.0000,-0.0000
-0.0286,0.2005,-0.2579
0.0000,-0.0000,-0.0000
-0.0287,0.2063,-0.2520
0.0000,-0.0000,-0.0000
-0.0286,0.2063,-0.2578
0.0000,-0.0000,-0.0000
-0.0229,0.2005,-0.2522
0.0000,-0.0000,-0.0000
-0.0287,0.2120,-0.2578
0.0000,-0.0000,-0.0000
-0.0286,0.2063,-0.2578
0.0000,-0.0000,-0.0000
-0.0287,0.2120,-0.2521
0.0000,-0.0000,-0.0000
-0.0229,0.2120,-0.2578
0.0000,-0.0000,-0.0000
-0.0286,0.2119,-0.2579
0.0000,-0.0000,-0.0000
-0.0287,0.2178,-0.2635
0.0000,-0.0000,-0.0000
-0.0229,0.2120,-0.2579
0.0000,-0.0000,-0.0000
-0.0287,0.2177,-0.2578
0.0000,-0.0000,-0.0000
-0.0286,0.2234,-0.2579
0.0000,-0.0000,-0.0000
-0.0229,0.2178,-0.2635
0.0000,-0.0000,-0.0000
-0.0287,0.2234,-0.2636
0.0000,-0.0000,-0.0000
-0.0229,0.2235,-0.2578
0.0000,-0.0000,-0.0000
-0.0286,0.2292,-0.2635
0.0000,-0.0000,-0.0000
-0.0230,0.2234,-0.2636
0.0000,-0.0000,-0.0000
-0.0229,0.2292,-0.2636
0.0000,-0.0000,-0.0000
-0.0286,0.2349,-0.2636
0.0000,-0.0000,-0.0000
-0.0229,0.2292,-0.2692
0.0000,-0.0000,-0.0000
-0.0230,0.2349,-0.2636
0.0000,-0.0000,-0.0000
-0.0286,0.2349,-0.2693
0.0000,-0.0000,-0.0000
-0.0229,0.2407,-0.2692
0.0000,-0.6990,-0.3381
0.6933,0.1241,-0.1394
0.0000,0.1241,-0.1395
0.0000,0.1242,-0.1394
0.0000,0.6990,0.3381
0.1547,0.2750,-0.3094
0.0000,-0.0000,-0.0000
0.3552,0.0745,-0.0802
0.0000,-0.0000,-0.0000
0.0286,-0.2407,0.2692
0.0000,-0.6932,-0.3380
0.2349,-0.1118,0.1231
0.0000,-0.1117,0.1233
0.0000,-0.1117,0.1232
0.0000,-0.1117,0.1232
0.0000,0.6990,0.3380
0.2120,-0.2006,0.2234
0.0000,-0.0000,-0.0000
0.0287,-0.2349,0.2636
0.0000,-0.0000,-0.0000
0.0286,-0.2292,0.2693
0.0000,-0.7047,-0.3495
-0.2406,0.1074,-0.1204
0.0000,0.1075,-0.1202
0.0000,0.1074,-0.1204
0.0000,0.1074,-0.1203
0.0000,-0.0000,-0.0000
-0.2349,0.1103,-0.1218
0.0000,0.1103,-0.1217
0.0000,0.1103,-0.1218
0.0000,0.1103,-0.1217
0.0000,0.6990,0.3380
-0.2063,0.2005,-0.2292
0.0000,-0.0000,-0.0000
-0.1833,-0.0343,0.0402
0.0000,-0.0000,-0.0000
-0.1490,-0.2751,0.3093
0.0000,-0.0000,-0.0000
0.0229,-0.2349,0.2693
0.0000,-0.0000,-0.0000
0.1834,0.0344,-0.0401
0.0000,-0.0000,-0.0000
0.0286,-0.2406,0.2636
0.0000,-0.0000,-0.0000
0.0229,-0.2349,0.2693
0.0000,-0.0000,-0.0000
0.1834,0.0401,-0.0401
0.0000,-0.0000,-0.0000
0.0286,-0.2350,0.2635
0.0000,-0.0000,-0.0000
0.0287,-0.2291,0.2636
0.0000,-0.0000,-0.0000
0.2120,-0.1948,0.2235
0.0000,-0.0000,-0.0000
0.0286,-0.2292,0.2635
0.0000,-0.0000,-0.0000
0.0287,-0.2235,0.2636
0.0000,-0.0000,-0.0000
0.1833,0.0344,-0.0459
0.0000,-0.0000,-0.0000
0.1834,0.0344,-0.0400
0.0000,-0.0000,-0.0000
0.1833,0.0401,-0.0459
0.0000,-0.0000,-0.0000
-0.0286,0.2292,-0.2635
0.0000,-0.0000,-0.0000
-0.0344,0.2291,-0.2637
0.0000,-0.0000,-0.0000
-0.0287,0.2292,-0.2635
0.0000,-0.7047,-0.3495
0.8709,0.1103,-0.1232
0.0000,0.1103,-0.1231
0.0000,0.1103,-0.1232
0.0000,0.1103,-0.1232
0.0000,0.6990,0.3438
0.0344,-0.2292,0.2635
0.0000,-0.0000,-0.0000
0.0344,-0.2349,0.2636
0.0000,-0.0000,-0.0000
0.0344,-0.2292,0.2635
0.0000,-0.0000,-0.0000
0.0286,-0.2235,0.2635
0.0000,-0.0000,-0.0000
0.0344,-0.2291,0.2637
0.0000,-0.0000,-0.0000
0.0344,-0.2235,0.2578
0.0000,-0.7162,-0.3553
0.4068,-0.0687,0.0774
0.0000,-0.0688,0.0773
0.0000,0.7162,0.3610
0.1833,0.0458,-0.0516
0.0000,-0.0000,-0.0000
0.1776,0.0401,-0.0516
0.0000,-0.0000,-0.0000
0.1490,0.2751,-0.3150
0.0000,-0.7162,-0.3553
0.2578,-0.1337,0.1547
0.0000,-0.1337,0.1547
0.0000,-0.1337,0.1547
0.0000,0.7162,0.3610
-0.0401,0.2234,-0.2636
0.0000,-0.0000,-0.0000
-0.0344,0.2235,-0.2578
0.0000,-0.7162,-0.3553
-0.4411,0.1222,-0.1375
0.0000,0.1223,-0.1374
0.0000,0.1222,-0.1376
0.0000,0.7047,0.3495
0.0401,-0.2234,0.2636
0.0000,-0.0000,-0.0000
-0.1834,-0.0459,0.0515
0.0000,-0.0000,-0.0000
-0.1833,-0.0458,0.0516
0.0000,-0.0000,-0.0000
-0.0344,0.2292,-0.2635
0.0000,-0.0000,-0.0000
-0.0344,0.2292,-0.2579
0.0000,-0.0000,-0.0000
-0.0344,0.2292,-0.2635
0.0000,-0.0000,-0.0000
-0.0343,0.2291,-0.2636
0.0000,-0.7047,-0.3438
0.6818,0.1413,-0.1585
0.0000,0.1414,-0.1585
0.0000,0.1413,-0.1585
0.0000,0.6990,0.3437
0.0344,-0.2349,0.2636
0.0000,-0.0000,-0.0000
-0.1777,-0.0459,0.0573
0.0000,-0.0000,-0.0000
0.0344,-0.2291,0.2636
0.0000,-0.0000,-0.0000
0.0344,-0.2349,0.2578
0.0000,-0.7048,-0.3438
0.4641,0.1226,-0.1375
0.0000,0.1226,-0.1375
0.0000,0.1227,-0.1375
0.0000,0.1226,-0.1375
0.0000,0.1226,-0.1375
0.0000,0.6990,0.3438
0.0401,-0.2292,0.2635
0.0000,-0.0000,-0.0000
0.0401,-0.2349,0.2636
0.0000,-0.0000,-0.0000
0.0344,-0.2292,0.2635
0.0000,-0.0000,-0.0000
0.0401,-0.2234,0.2579
0.0000,-0.0000,-0.0000
0.0401,-0.2292,0.2635
0.0000,-0.0000,-0.0000
0.2235,-0.1719,0.2006
0.0000,-0.0000,-0.0000
0.0401,-0.2235,0.2578
0.0000,-0.0000,-0.0000
0.0401,-0.2234,0.2636
0.0000,-0.0000,-0.0000
0.0401,-0.2177,0.2578
0.0000,-0.7220,-0.3667
-0.4068,0.0631,-0.0716
0.0000,0.0630,-0.0716
0.0000,0.7162,0.3609
-0.1834,-0.0459,0.0573
0.0000,-0.0000,-0.0000
-0.1833,-0.0458,0.0516
0.0000,-0.0000,-0.0000
-0.1834,-0.0458,0.0516
0.0000,-0.0000,-0.0000
-0.1890,-0.0459,0.0572
0.0000,-0.0000,-0.0000
-0.1834,-0.0401,0.0458
0.0000,-0.0000,-0.0000
-0.1490,-0.2635,0.3095
0.0000,-0.0000,-0.0000
-0.1833,-0.0401,0.0516
0.0000,-0.0000,-0.0000
0.0344,-0.2178,0.2577
0.0000,-0.0000,-0.0000
0.0344,-0.2177,0.2579
0.0000,-0.0000,-0.0000
0.0401,-0.2120,0.2578
0.0000,-0.0000,-0.0000
0.1833,0.0401,-0.0516
0.0000,-0.0000,-0.0000
0.1891,0.0459,-0.0515
0.0000,-0.0000,-0.0000
0.1891,0.0401,-0.0515
0.0000,-0.0000,-0.0000
0.1833,0.0458,-0.0516
0.0000,-0.0000,-0.0000
0.1891,0.0458,-0.0516
0.0000,-0.7334,-0.3725
-0.0745,-0.1363,0.1628
0.0000,-0.1364,0.1627
0.0000,-0.1363,0.1628
0.0000,-0.1364,0.1627
0.0000,-0.1364,0.1626
0.0000,0.7334,0.3782
0.0401,-0.2062,0.2522
0.0000,-0.0000,-0.0000
0.0401,-0.2063,0.2520
0.0000,-0.0000,-0.0000
0.1891,0.0401,-0.0515
0.0000,-0.0000,-0.0000
0.0401,-0.2063,0.2520
0.0000,-0.7448,-0.3838
-0.1203,0.1260,-0.1502
0.0000,0.1261,-0.1500
0.0000,0.1260,-0.1502
0.0000,0.1261,-0.1501
0.0000,0.1260,-0.1501
0.0000,0.7392,0.3725
0.1891,0.0458,-0.0516
0.0000,-0.0000,-0.0000
0.1890,0.0458,-0.0574
0.0000,-0.0000,-0.0000
-0.0401,0.2063,-0.2520
0.0000,-0.0000,-0.0000
-0.0458,0.2120,-0.2579
0.0000,-0.0000,-0.0000
-0.0401,0.2177,-0.2521
0.0000,-0.0000,-0.0000
-0.1834,-0.0458,0.0516
0.0000,-0.7334,-0.3667
0.4756,0.1157,-0.1352
0.0000,0.1158,-0.1352
0.0000,0.1157,-0.1353
0.0000,0.1157,-0.1352
0.0000,0.1158,-0.1352
0.0000,0.7276,0.3609
0.0401,-0.2177,0.2579
0.0000,-0.0000,-0.0000
0.0401,-0.2177,0.2579
0.0000,-0.0000,-0.0000
0.0401,-0.2120,0.2521
0.0000,-0.0000,-0.0000
0.0458,-0.2120,0.2578
0.0000,-0.0000,-0.0000
0.0402,-0.2120,0.2521
0.0000,-0.0000,-0.0000
0.0401,-0.2120,0.2578
0.0000,-0.0000,-0.0000
0.0458,-0.2063,0.2521
0.0000,-0.0000,-0.0000
0.0401,-0.2062,0.2521
0.0000,-0.0000,-0.0000
0.0458,-0.2063,0.2521
0.0000,-0.0000,-0.0000
0.0401,-0.2005,0.2521
0.0000,-0.0000,-0.0000
0.0459,-0.2063,0.2521
0.0000,-0.0000,-0.0000
0.0458,-0.2005,0.2521
0.0000,-0.0000,-0.0000
0.0401,-0.1948,0.2464
0.0000,-0.0000,-0.0000
0.0459,-0.2006,0.2521
0.0000,-0.0000,-0.0000
0.1948,0.0459,-0.0573
0.0000,-0.0000,-0.0000
0.1890,0.0458,-0.0573
0.0000,-0.0000,-0.0000
0.1949,0.0516,-0.0630
0.0000,-0.0000,-0.0000
0.1890,0.0458,-0.0631
0.0000,-0.0000,-0.0000
0.1891,0.0516,-0.0630
0.0000,-0.0000,-0.0000
0.1891,0.0515,-0.0631
0.0000,-0.0000,-0.0000
0.2406,-0.1489,0.1892
0.0000,-0.0000,-0.0000
0.1891,0.0515,-0.0688
0.0000,-0.0000,-0.0000
0.1891,0.0516,-0.0630
0.0000,-0.0000,-0.0000
0.2406,-0.1432,0.1834
0.0000,-0.0000,-0.0000
0.1948,0.0515,-0.0689
0.0000,-0.0000,-0.0000
0.1891,0.0573,-0.0687
0.0000,-0.0000,-0.0000
-0.0573,0.1948,-0.2464
0.0000,-0.0000,-0.0000
0.1891,0.0573,-0.0687
0.0000,-0.0000,-0.0000
-0.0516,0.1948,-0.2521
0.0000,-0.0000,-0.0000
-0.0516,0.2006,-0.2463
0.0000,-0.0000,-0.0000
-0.1890,-0.0516,0.0687
0.0000,-0.0000,-0.0000
-0.1834,-0.0573,0.0687
0.0000,-0.0000,-0.0000
-0.2406,0.1490,-0.1833
0.0000,-0.0000,-0.0000
-0.1891,-0.0573,0.0630
0.0000,-0.0000,-0.0000
-0.1891,-0.0516,0.0688
0.0000,-0.0000,-0.0000
-0.1890,-0.0516,0.0629
0.0000,-0.0000,-0.0000
-0.1834,-0.0515,0.0631
0.0000,-0.0000,-0.0000
-0.2406,0.1547,-0.1890
0.0000,-0.0000,-0.0000
-0.1891,-0.0516,0.0630
0.0000,-0.0000,-0.0000
-0.1891,-0.0516,0.0629
0.0000,-0.0000,-0.0000
-0.0458,0.2063,-0.2520
0.0000,-0.0000,-0.0000
-0.0401,0.2005,-0.2522
0.0000,-0.0000,-0.0000
-0.0459,0.2063,-0.2520
0.0000,-0.0000,-0.0000
-0.0458,0.2063,-0.2521
0.0000,-0.0000,-0.0000
-0.0458,0.2120,-0.2521
0.0000,-0.0000,-0.0000
-0.0459,0.2062,-0.2522
0.0000,-0.0000,-0.0000
0.1891,0.0516,-0.0629
0.0000,-0.0000,-0.0000
0.1833,0.0516,-0.0630
0.0000,-0.0000,-0.0000
0.1891,0.0515,-0.0574
0.0000,-0.0000,-0.0000
0.1834,0.0516,-0.0630
0.0000,-0.0000,-0.0000
0.1833,0.0573,-0.0687
0.0000,-0.0000,-0.0000
0.1834,0.0516,-0.0630
0.0000,-0.0000,-0.0000
0.1833,0.0515,-0.0631
0.0000,-0.0000,-0.0000
0.1834,0.0573,-0.0688
0.0000,-0.0000,-0.0000
0.1833,0.0573,-0.0687
0.0000,-0.0000,-0.0000
0.1833,0.0573,-0.0630
0.0000,-0.0000,-0.0000
0.1834,0.0573,-0.0745
0.0000,-0.0000,-0.0000
-0.0516,0.2120,-0.2521
0.0000,-0.0000,-0.0000
0.1318,0.2750,-0.3209
0.0000,-0.0000,-0.0000
-0.0458,0.2178,-0.2578
0.0000,-0.0000,-0.0000
-0.1834,-0.0573,0.0745
0.0000,-0.0000,-0.0000
-0.1776,-0.0631,0.0687
0.0000,-0.0000,-0.0000
-0.1833,-0.0573,0.0630
0.0000,-0.0000,-0.0000
-0.1834,-0.0573,0.0688
0.0000,-0.0000,-0.0000
-0.0458,0.2178,-0.2520
0.0000,-0.0000,-0.0000
-0.0459,0.2234,-0.2579
0.0000,-0.0000,-0.0000
-0.0458,0.2177,-0.2579
0.0000,-0.0000,-0.0000
-0.0516,0.2235,-0.2578
0.0000,-0.0000,-0.0000
-0.0458,0.2234,-0.2579
0.0000,-0.0000,-0.0000
-0.0458,0.2235,-0.2577
0.0000,-0.0000,-0.0000
-0.0459,0.2292,-0.2579
0.0000,-0.0000,-0.0000
-0.0401,0.2292,-0.2635
0.0000,-0.0000,-0.0000
-0.0458,0.2292,-0.2578
0.0000,-0.0000,-0.0000
-0.0459,0.2291,-0.2637
0.0000,-0.0000,-0.0000
-0.0458,0.2349,-0.2635
0.0000,-0.0000,-0.0000
-0.0458,0.2350,-0.2635
0.0000,-0.0000,-0.0000
-0.0401,0.2349,-0.2636
0.0000,-0.0000,-0.0000
-0.0459,0.2406,-0.2636
0.0000,-0.0000,-0.0000
-0.0401,0.2407,-0.2692
0.0000,-0.0000,-0.0000
-0.0458,0.2406,-0.2636
0.0000,-0.0000,-0.0000
-0.0401,0.2464,-0.2693
0.0000,-0.0000,-0.0000
-0.0459,0.2463,-0.2693
0.0000,-0.0000,-0.0000
-0.0401,0.2464,-0.2693
0.0000,-0.0000,-0.0000
-0.1719,-0.0573,0.0630
0.0000,-0.0000,-0.0000
-0.0458,0.2464,-0.2692
0.0000,-0.0000,-0.0000
-0.1719,-0.0573,0.0687
0.0000,-0.0000,-0.0000
-0.1719,-0.0630,0.0631
0.0000,-0.0000,-0.0000
0.0401,-0.2464,0.2692
0.0000,-0.0000,-0.0000
0.0459,-0.2464,0.2693
0.0000,-0.0000,-0.0000
0.0401,-0.2463,0.2693
0.0000,-0.0000,-0.0000
0.0401,-0.2464,0.2693
0.0000,-0.0000,-0.0000
0.0401,-0.2407,0.2635
0.0000,-0.0000,-0.0000
0.0458,-0.2406,0.2693
0.0000,-0.0000,-0.0000
0.0401,-0.2349,0.2636
0.0000,-0.0000,-0.0000
0.0402,-0.2349,0.2636
0.0000,-0.0000,-0.0000
0.0458,-0.2349,0.2636
0.0000,-0.0000,-0.0000
0.0401,-0.2350,0.2634
0.0000,-0.0000,-0.0000
0.0458,-0.2291,0.2637
0.0000,-0.0000,-0.0000
0.0401,-0.2292,0.2578
0.0000,-0.0000,-0.0000
0.0459,-0.2292,0.2635
0.0000,-0.0000,-0.0000
0.0458,-0.2235,0.2578
0.0000,-0.0000,-0.0000
0.0401,-0.2291,0.2579
0.0000,-0.0000,-0.0000
0.0459,-0.2235,0.2578
0.0000,-0.0000,-0.0000
0.0458,-0.2177,0.2579
0.0000,-0.0000,-0.0000
0.0458,-0.2235,0.2578
0.0000,-0.0000,-0.0000
-0.1375,-0.2693,0.3208
0.0000,-0.0000,-0.0000
-0.1375,-0.2692,0.3152
0.0000,-0.0000,-0.0000
-0.1833,-0.0516,0.0630
0.0000,-0.0000,-0.0000
-0.1834,-0.0516,0.0630
0.0000,-0.0000,-0.0000
-0.1833,-0.0515,0.0574
0.0000,-0.0000,-0.0000
-0.0459,0.2177,-0.2522
0.0000,-0.0000,-0.0000
-0.0401,0.2120,-0.2578
0.0000,-0.0000,-0.0000
-0.0458,0.2234,-0.2579
0.0000,-0.0000,-0.0000
-0.0401,0.2177,-0.2578
0.0000,-0.0000,-0.0000
-0.0401,0.2235,-0.2578
0.0000,-0.0000,-0.0000
-0.0459,0.2235,-0.2578
0.0000,-0.0000,-0.0000
-0.2177,0.1718,-0.2006
0.0000,-0.0000,-0.0000
-0.0401,0.2292,-0.2636
0.0000,-0.0000,-0.0000
-0.0401,0.2292,-0.2578
0.0000,-0.0000,-0.0000
-0.0401,0.2292,-0.2635
0.0000,-0.0000,-0.0000
-0.0401,0.2292,-0.2636
0.0000,-0.0000,-0.0000
-0.0401,0.2349,-0.2635
0.0000,-0.0000,-0.0000
-0.2177,0.1833,-0.2063
0.0000,-0.0000,-0.0000
-0.0402,0.2349,-0.2636
0.0000,-0.0000,-0.0000
-0.0343,0.2407,-0.2692
0.0000,-0.0000,-0.0000
-0.2178,0.1891,-0.2063
0.0000,-0.0000,-0.0000
-0.0343,0.2406,-0.2693
0.0000,-0.0000,-0.0000
-0.0401,0.2406,-0.2694
0.0000,-0.0000,-0.0000
-0.1719,-0.0515,0.0574
0.0000,-0.0000,-0.0000
-0.0401,0.2464,-0.2693
0.0000,-0.0000,-0.0000
-0.1719,-0.0516,0.0573
0.0000,-0.0000,-0.0000
-0.1776,-0.0458,0.0516
0.0000,-0.0000,-0.0000
0.0343,-0.2464,0.2693
0.0000,-0.0000,-0.0000
0.0344,-0.2407,0.2692
0.0000,-0.0000,-0.0000
-0.1375,-0.2922,0.3209
0.0000,-0.0000,-0.0000
-0.1432,-0.2864,0.3209
0.0000,-0.0000,-0.0000
-0.1776,-0.0459,0.0515
0.0000,-0.0000,-0.0000
0.0343,-0.2349,0.2636
0.0000,-0.0000,-0.0000
0.0344,-0.2349,0.2693
0.0000,-0.7047,-0.3438
-0.5729,0.0515,-0.0573
0.0000,0.0516,-0.0573
0.0000,0.6990,0.3438
-0.0344,0.2406,-0.2693
0.0000,-0.0000,-0.0000
-0.0287,0.2349,-0.2636
0.0000,-0.0000,-0.0000
-0.0344,0.2407,-0.2692
0.0000,-0.0000,-0.0000
-0.0343,0.2406,-0.2694
0.0000,-0.0000,-0.0000
-0.0287,0.2464,-0.2692
0.0000,-0.0000,-0.0000
-0.1776,-0.0458,0.0516
0.0000,-0.0000,-0.0000
-0.0344,0.2463,-0.2751
0.0000,-0.0000,-0.0000
-0.1719,-0.0458,0.0516
0.0000,-0.0000,-0.0000
-0.1776,-0.0401,0.0458
0.0000,-0.0000,-0.0000
-0.1776,-0.0458,0.0459
0.0000,-0.0000,-0.0000
-0.1776,-0.0401,0.0458
0.0000,-0.0000,-0.0000
-0.1490,-0.2808,0.3151
0.0000,-0.0000,-0.0000
0.1776,0.0401,-0.0458
0.0000,-0.0000,-0.0000
0.0287,-0.2464,0.2692
0.0000,-0.0000,-0.0000
0.0286,-0.2406,0.2694
0.0000,-0.0000,-0.0000
0.1834,0.0401,-0.0459
0.0000,-0.0000,-0.0000
0.1776,0.0458,-0.0459
0.0000,-0.0000,-0.0000
0.0286,-0.2406,0.2694
0.0000,-0.0000,-0.0000
0.0344,-0.2406,0.2636
0.0000,-0.0000,-0.0000
0.0287,-0.2350,0.2692
0.0000,-0.0000,-0.0000
0.0343,-0.2349,0.2636
0.0000,-0.0000,-0.0000
0.0287,-0.2292,0.2635
0.0000,-0.0000,-0.0000
0.0344,-0.2291,0.2636
0.0000,-0.0000,-0.0000
0.0286,-0.2292,0.2636
0.0000,-0.0000,-0.0000
0.0344,-0.2292,0.2635
0.0000,-0.0000,-0.0000
0.0344,-0.2235,0.2635
0.0000,-0.0000,-0.0000
0.0286,-0.2291,0.2580
0.0000,-0.0000,-0.0000
-0.1833,-0.0344,0.0458
0.0000,-0.0000,-0.0000
-0.1490,-0.2636,0.3093
0.0000,-0.0000,-0.0000
-0.1891,-0.0401,0.0401
0.0000,-0.0000,-0.0000
-0.1833,-0.0344,0.0459
0.0000,-0.0000,-0.0000
-0.1834,-0.0343,0.0401
0.0000,-0.0000,-0.0000
-0.1890,-0.0401,0.0459
0.0000,-0.0000,-0.0000
-0.1834,-0.0344,0.0401
0.0000,-0.0000,-0.0000
0.0287,-0.2177,0.2578
0.0000,-0.0000,-0.0000
0.0286,-0.2178,0.2635
0.0000,-0.0000,-0.0000
0.1891,0.0344,-0.0458
0.0000,-0.0000,-0.0000
0.1833,0.0344,-0.0401
0.0000,-0.0000,-0.0000
0.1891,0.0344,-0.0401
0.0000,-0.0000,-0.0000
0.1834,0.0401,-0.0458
0.0000,-0.0000,-0.0000
0.1890,0.0343,-0.0459
0.0000,-0.0000,-0.0000
0.2178,-0.1776,0.2120
0.0000,-0.0000,-0.0000
0.1890,0.0401,-0.0459
0.0000,-0.0000,-0.0000
0.0344,-0.2177,0.2579
0.0000,-0.0000,-0.0000
0.0287,-0.2177,0.2578
0.0000,-0.0000,-0.0000
0.0343,-0.2120,0.2579
0.0000,-0.0000,-0.0000
-0.1833,-0.0401,0.0458
0.0000,-0.0000,-0.0000
-0.1891,-0.0344,0.0458
0.0000,-0.0000,-0.0000
-0.1891,-0.0401,0.0459
0.0000,-0.0000,-0.0000
-0.1890,-0.0344,0.0458
0.0000,-0.0000,-0.0000
-0.1891,-0.0344,0.0401
0.0000,-0.0000,-0.0000
-0.1891,-0.0343,0.0402
0.0000,-0.0000,-0.0000
-0.1891,-0.0344,0.0458
0.0000,-0.0000,-0.0000
0.0287,-0.2120,0.2521
0.0000,-0.0000,-0.0000
0.0344,-0.2120,0.2578
0.0000,-0.0000,-0.0000
0.0286,-0.2063,0.2578
0.0000,-0.0000,-0.0000
0.1891,0.0344,-0.0401
0.0000,-0.0000,-0.0000
0.1948,0.0344,-0.0458
0.0000,-0.0000,-0.0000
0.1891,0.0344,-0.0401
0.0000,-0.0000,-0.0000
0.0343,-0.2063,0.2521
0.0000,-0.0000,-0.0000
0.0287,-0.2063,0.2578
0.0000,-0.0000,-0.0000
-0.1891,-0.0343,0.0402
0.0000,-0.0000,-0.0000
0.0344,-0.2063,0.2577
0.0000,-0.0000,-0.0000
0.2234,-0.1662,0.2063
0.0000,-0.0000,-0.0000
0.1949,0.0344,-0.0401
0.0000,-0.0000,-0.0000
0.1890,0.0401,-0.0459
0.0000,-0.0000,-0.0000
0.0344,-0.2062,0.2522
0.0000,-0.0000,-0.0000
-0.1547,-0.2350,0.2979
0.0000,-0.0000,-0.0000
-0.1948,-0.0343,0.0459
0.0000,-0.0000,-0.0000
-0.2292,0.1661,-0.2121
0.0000,-0.0000,-0.0000
0.0344,-0.2005,0.2522
0.0000,-0.0000,-0.0000
-0.1948,-0.0344,0.0458
0.0000,-0.0000,-0.0000
-0.1948,-0.0344,0.0401
0.0000,-0.0000,-0.0000
0.0286,-0.1948,0.2521
0.0000,-0.0000,-0.0000
0.0344,-0.1948,0.2521
0.0000,-0.0000,-0.0000
0.1948,0.0287,-0.0401
0.0000,-0.0000,-0.0000
0.2005,0.0343,-0.0459
0.0000,-0.0000,-0.0000
0.1949,0.0344,-0.0401
0.0000,-0.0000,-0.0000
0.1948,0.0344,-0.0458
0.0000,-0.0000,-0.0000
0.1948,0.0344,-0.0458
0.0000,-0.0000,-0.0000
0.1948,0.0401,-0.0459
0.0000,-0.0000,-0.0000
0.0343,-0.1948,0.2522
0.0000,-0.0000,-0.0000
0.0402,-0.1948,0.2521
0.0000,-0.0000,-0.0000
0.0343,-0.1948,0.2463
0.0000,-0.0000,-0.0000
0.0401,-0.1948,0.2521
0.0000,-0.0000,-0.0000
0.1948,0.0401,-0.0458
0.0000,-0.0000,-0.0000
0.2006,0.0344,-0.0515
0.0000,-0.0000,-0.0000
-0.0401,0.1948,-0.2464
0.0000,-0.0000,-0.0000
0.1948,0.0343,-0.0517
0.0000,-0.0000,-0.0000
-0.0401,0.1948,-0.2521
0.0000,-0.0000,-0.0000
0.1948,0.0401,-0.0515
0.0000,-0.0000,-0.0000
-0.0344,0.1949,-0.2463
0.0000,-0.0000,-0.0000
0.1547,0.2349,-0.3037
0.0000,-0.0000,-0.0000
0.1891,0.0401,-0.0516
0.0000,-0.0000,-0.0000
0.1948,0.0458,-0.0516
0.0000,-0.0000,-0.0000
0.1948,0.0401,-0.0573
0.0000,-0.0000,-0.0000
0.1891,0.0401,-0.0516
0.0000,-0.0000,-0.0000
0.1948,0.0459,-0.0572
0.0000,-0.0000,-0.0000
0.1890,0.0458,-0.0573
0.0000,-0.0000,-0.0000
-0.0401,0.2005,-0.2464
0.0000,-0.0000,-0.0000
-0.0458,0.2006,-0.2521
0.0000,-0.0000,-0.0000
-0.1891,-0.0459,0.0573
0.0000,-0.0000,-0.0000
-0.2292,0.1547,-0.2006
0.0000,-0.0000,-0.0000
-0.1547,-0.2406,0.3095
0.0000,-0.0000,-0.0000
-0.1890,-0.0459,0.0515
0.0000,-0.7505,-0.3896
0.1088,0.1131,-0.1390
0.0000,0.1132,-0.1389
0.0000,0.1132,-0.1389
0.0000,0.1131,-0.1390
0.0000,0.7449,0.3897
-0.1890,-0.0402,0.0515
0.0000,-0.0000,-0.0000
-0.1891,-0.0458,0.0516
0.0000,-0.0000,-0.0000
-0.1547,-0.2406,0.3037
0.0000,-0.0000,-0.0000
-0.1891,-0.0401,0.0516
0.0000,-0.0000,-0.0000
-0.1948,-0.0401,0.0515
0.0000,-0.0000,-0.0000
-0.1948,-0.0402,0.0458
0.0000,-0.0000,-0.0000
-0.1891,-0.0401,0.0458
0.0000,-0.0000,-0.0000
-0.1948,-0.0343,0.0517
0.0000,-0.7563,-0.3954
-0.2636,0.1241,-0.1509
0.0000,0.1241,-0.1509
0.0000,0.1242,-0.1508
0.0000,0.7506,0.3839
0.1605,0.2406,-0.2980
0.0000,-0.0000,-0.0000
-0.0344,0.2063,-0.2521
0.0000,-0.0000,-0.0000
0.1891,0.0401,-0.0515
0.0000,-0.0000,-0.0000
-0.0344,0.2062,-0.2522
0.0000,-0.0000,-0.0000
0.1891,0.0401,-0.0459
0.0000,-0.0000,-0.0000
0.1891,0.0402,-0.0514
0.0000,-0.0000,-0.0000
0.1890,0.0401,-0.0459
0.0000,-0.0000,-0.0000
0.0344,-0.2120,0.2521
0.0000,-0.0000,-0.0000
0.1891,0.0458,-0.0516
0.0000,-0.0000,-0.0000
0.0401,-0.2120,0.2578
0.0000,-0.0000,-0.0000
0.0401,-0.2005,0.2522
0.0000,-0.7506,-0.3839
-9.5856,-0.0170,0.0209
0.0000,-0.0170,0.0210
0.0000,-0.0170,0.0210
0.0000,-0.0170,0.0209
0.0000,-0.0171,0.0209
0.0000,-0.0170,0.0209
0.0000,-0.0170,0.0210
0.0000,-0.0170,0.0209
0.0000,-0.0170,0.0210
0.0000,-0.0170,0.0210
0.0000,-0.0170,0.0209
0.0000,-0.0170,0.0210
0.0000,-0.0170,0.0209
0.0000,-0.0170,0.0210
0.0000,-0.0170,0.0210
0.0000,-0.0171,0.0208
0.0000,-0.0170,0.0210
0.0000,-0.0170,0.0209
0.0000,-0.0170,0.0210
0.0000,-0.0170,0.0209
0.0000,-0.0170,0.0210
0.0000,-0.0170,0.0210
0.0000,-0.0170,0.0209
0.0000,-0.0170,0.0210
0.0000,-0.0170,0.0209
0.0000,-0.0171,0.0209
0.0000,-0.0170,0.0210
0.0000,-0.0170,0.0209
0.0000,-0.0170,0.0210
0.0000,-0.0170,0.0209
0.0000,-0.0170,0.0210
0.0000,-0.0170,0.0209
0.0000,-0.0000,-0.0000
18.6498,0.1390,-0.1566
0.0000,0.1390,-0.1566
0.0000,0.1391,-0.1565
0.0000,0.1390,-0.1566
0.0000,0.1390,-0.1566
0.0000,0.1391,-0.1565
0.0000,0.1390,-0.1566
0.0000,0.1390,-0.1566
0.0000,0.1391,-0.1565
0.0000,0.1390,-0.1567
0.0000,0.1390,-0.1566
0.0000,0.1391,-0.1565
0.0000,0.1390,-0.1566
0.0000,0.1390,-0.1566
0.0000,0.1391,-0.1565
0.0000,0.1390,-0.1566
0.0000,0.1390,-0.1566
0.0000,0.1391,-0.1565
0.0000,0.1390,-0.1567
0.0000,0.1390,-0.1566
0.0000,0.1391,-0.1565
0.0000,0.1390,-0.1566
0.0000,0.1390,-0.1566
0.0000,0.1390,-0.1566
0.0000,0.1391,-0.1565
0.0000,0.1390,-0.1566
0.0000,0.1390,-0.1566
0.0000,0.1391,-0.1565
0.0000,0.1390,-0.1567
0.0000,0.1390,-0.1566
0.0000,0.1391,-0.1565
0.0000,0.1390,-0.1566
0.0000,0.1390,-0.1566
0.0000,0.1391,-0.1565
0.0000,0.1390,-0.1566
0.0000,0.1390,-0.1566
0.0000,0.1391,-0.1565
0.0000,0.1390,-0.1566
0.0000,0.1390,-0.1567
0.0000,0.1391,-0.1565
0.0000,0.1390,-0.1566
0.0000,0.1390,-0.1566
0.0000,0.1391,-0.1565
0.0000,0.1390,-0.1566
0.0000,0.1390,-0.1566
0.0000,0.1390,-0.1566
0.0000,0.1391,-0.1565
0.0000,0.1390,-0.1567
0.0000,0.1390,-0.1566
0.0000,0.1391,-0.1565
0.0000,0.1390,-0.1566
0.0000,0.1390,-0.1566
0.0000,0.1391,-0.1565
0.0000,0.1390,-0.1566
0.0000,0.1390,-0.1566
0.0000,0.1391,-0.1565
0.0000,0.1390,-0.1566
0.0000,0.1390,-0.1567
0.0000,0.1391,-0.1565
0.0000,0.1390,-0.1566
0.0000,0.1390,-0.1566
0.0000,0.1391,-0.1565
0.0000,0.1390,-0.1566
0.0000,0.1390,-0.1566
0.0000,0.6704,0.3094
-0.1662,-0.0917,0.0974
0.0000,-0.0000,-0.0000
-0.1604,-0.0917,0.0974
0.0000,-0.0000,-0.0000
-0.1662,-0.0916,0.0974
0.0000,-0.0000,-0.0000
-0.1604,-0.0917,0.0974
0.0000,-0.0000,-0.0000
-0.1661,-0.0860,0.0974
0.0000,-0.0000,-0.0000
-0.1662,-0.0916,0.0917
0.0000,-0.0000,-0.0000
-0.1662,-0.0860,0.0974
0.0000,-0.0000,-0.0000
-0.1604,-0.0859,0.0917
0.0000,-0.0000,-0.0000
-0.1661,-0.0860,0.0916
0.0000,-0.0000,-0.0000
-0.1662,-0.0859,0.0917
0.0000,-0.0000,-0.0000
-0.1662,-0.0859,0.0917
0.0000,-0.0000,-0.0000
-0.1661,-0.0803,0.0859
0.0000,-0.0000,-0.0000
-0.1719,-0.0802,0.0917
0.0000,-0.0000,-0.0000
0.0573,-0.2463,0.2636
0.0000,-0.0000,-0.0000
0.0573,-0.2464,0.2635
0.0000,-0.0000,-0.0000
0.0573,-0.2407,0.2635
0.0000,-0.0000,-0.0000
0.0515,-0.2406,0.2636
0.0000,-0.0000,-0.0000
0.0573,-0.2406,0.2636
0.0000,-0.0000,-0.0000
0.0573,-0.2350,0.2635
0.0000,-0.0000,-0.0000
0.0573,-0.2349,0.2579
0.0000,-0.0000,-0.0000
0.0573,-0.2349,0.2578
0.0000,-0.0000,-0.0000
0.0573,-0.2349,0.2579
0.0000,-0.0000,-0.0000
0.0631,-0.2292,0.2578
0.0000,-0.0000,-0.0000
0.0572,-0.2292,0.2578
0.0000,-0.0000,-0.0000
0.0573,-0.2234,0.2579
0.0000,-0.0000,-0.0000
0.0631,-0.2292,0.2520
0.0000,-0.0000,-0.0000
0.0573,-0.2235,0.2521
0.0000,-0.0000,-0.0000
0.0573,-0.2177,0.2579
0.0000,-0.0000,-0.0000
0.0630,-0.2234,0.2521
0.0000,-0.0000,-0.0000
0.0630,-0.2178,0.2520
0.0000,-0.0000,-0.0000
0.0573,-0.2177,0.2522
0.0000,-0.0000,-0.0000
0.0630,-0.2177,0.2464
0.0000,-0.0000,-0.0000
0.0631,-0.2120,0.2521
0.0000,-0.0000,-0.0000
0.0630,-0.2120,0.2463
0.0000,-0.0000,-0.0000
0.0630,-0.2120,0.2521
0.0000,-0.0000,-0.0000
0.1776,0.0745,-0.0916
0.0000,-0.0000,-0.0000
0.2407,-0.1318,0.1604
0.0000,-0.0000,-0.0000
0.1776,0.0745,-0.0917
0.0000,-0.0000,-0.0000
0.1719,0.0745,-0.0916
0.0000,-0.0000,-0.0000
0.1776,0.0802,-0.0917
0.0000,-0.0000,-0.0000
0.1776,0.0802,-0.0917
0.0000,-0.0000,-0.0000
0.1719,0.0802,-0.0917
0.0000,-0.0000,-0.0000
0.1776,0.0802,-0.0974
0.0000,-0.0000,-0.0000
0.1719,0.0803,-0.0973
0.0000,-0.0000,-0.0000
0.1776,0.0859,-0.0918
0.0000,-0.0000,-0.0000
0.1719,0.0802,-0.0974
0.0000,-0.0000,-0.0000
0.1719,0.0860,-0.0973
0.0000,-0.0000,-0.0000
0.1719,0.0859,-0.1032
0.0000,-0.0000,-0.0000
0.0687,-0.2120,0.2464
0.0000,-0.0000,-0.0000
0.0688,-0.2120,0.2463
0.0000,-0.0000,-0.0000
-0.1719,-0.0859,0.0975
0.0000,-0.0000,-0.0000
-0.1031,-0.2922,0.3438
0.0000,-0.0000,-0.0000
-0.1777,-0.0803,0.0973
0.0000,-0.0000,-0.0000
-0.1718,-0.0802,0.0974
0.0000,-0.0000,-0.0000
-0.1777,-0.0802,0.0974
0.0000,-0.0000,-0.0000
-0.1776,-0.0802,0.0917
0.0000,-0.0000,-0.0000
-0.1719,-0.0802,0.0974
0.0000,-0.0000,-0.0000
-0.1776,-0.0802,0.0917
0.0000,-0.0000,-0.0000
-0.1776,-0.0745,0.0917
0.0000,-0.0000,-0.0000
-0.1776,-0.0802,0.0916
0.0000,-0.0000,-0.0000
-0.1776,-0.0745,0.0917
0.0000,-0.0000,-0.0000
-0.1776,-0.0745,0.0917
0.0000,-0.0000,-0.0000
-0.1834,-0.0745,0.0859
0.0000,-0.0000,-0.0000
-0.1776,-0.0745,0.0917
0.0000,-0.0000,-0.0000
-0.1776,-0.0744,0.0860
0.0000,-0.0000,-0.0000
-0.1834,-0.0688,0.0859
0.0000,-0.0000,-0.0000
-0.1776,-0.0688,0.0859
0.0000,-0.0000,-0.0000
-0.1833,-0.0744,0.0860
0.0000,-0.0000,-0.0000
-0.1834,-0.0688,0.0802
0.0000,-0.0000,-0.0000
-0.1776,-0.0687,0.0860
0.0000,-0.0000,-0.0000
-0.1833,-0.0688,0.0801
0.0000,-0.0000,-0.0000
-0.1834,-0.0630,0.0803
0.0000,-0.0000,-0.0000
-0.1833,-0.0688,0.0859
0.0000,-0.0000,-0.0000
-0.1834,-0.0630,0.0745
0.0000,-0.0000,-0.0000
-0.1833,-0.0688,0.0802
0.0000,-0.0000,-0.0000
-0.1834,-0.0630,0.0802
0.0000,-0.0000,-0.0000
-0.1833,-0.0630,0.0745
0.0000,-0.0000,-0.0000
-0.2407,0.1432,-0.1719
0.0000,-0.0000,-0.0000
-0.1890,-0.0630,0.0802
0.0000,-0.0000,-0.0000
-0.0516,0.2005,-0.2521
0.0000,-0.0000,-0.0000
-0.0573,0.2063,-0.2464
0.0000,-0.0000,-0.0000
0.1833,0.0630,-0.0745
0.0000,-0.0000,-0.0000
0.1834,0.0631,-0.0801
0.0000,-0.0000,-0.0000
0.1833,0.0630,-0.0745
0.0000,-0.0000,-0.0000
0.1834,0.0630,-0.0803
0.0000,-0.0000,-0.0000
0.1833,0.0688,-0.0744
0.0000,-0.0000,-0.0000
0.1776,0.0630,-0.0802
0.0000,-0.0000,-0.0000
0.1834,0.0687,-0.0803
0.0000,-0.0000,-0.0000
0.1776,0.0688,-0.0802
0.0000,-0.0000,-0.0000
0.1834,0.0687,-0.0860
0.0000,-0.0000,-0.0000
0.1776,0.0688,-0.0801
0.0000,-0.0000,-0.0000
0.1833,0.0688,-0.0859
0.0000,-0.0000,-0.0000
0.1146,0.2807,-0.3324
0.0000,-0.0000,-0.0000
0.1203,0.2808,-0.3323
0.0000,-0.0000,-0.0000
-0.0630,0.2120,-0.2521
0.0000,-0.0000,-0.0000
-0.0573,0.2119,-0.2464
0.0000,-0.0000,-0.0000
-0.0630,0.2178,-0.2521
0.0000,-0.0000,-0.0000
-0.0573,0.2177,-0.2521
0.0000,-0.0000,-0.0000
-0.0630,0.2177,-0.2521
0.0000,-0.0000,-0.0000
-0.0573,0.2177,-0.2521
0.0000,-0.0000,-0.0000
-0.0573,0.2235,-0.2521
0.0000,-0.0000,-0.0000
-0.0573,0.2177,-0.2578
0.0000,-0.0000,-0.0000
-0.0573,0.2292,-0.2521
0.0000,-0.0000,-0.0000
-0.0630,0.2235,-0.2578
0.0000,-0.0000,-0.0000
-0.0573,0.2291,-0.2579
0.0000,-0.0000,-0.0000
-0.0573,0.2292,-0.2578
0.0000,-0.0000,-0.0000
-0.0516,0.2292,-0.2578
0.0000,-0.0000,-0.0000
-0.0573,0.2349,-0.2579
0.0000,-0.0000,-0.0000
-0.0573,0.2349,-0.2578
0.0000,-0.0000,-0.0000
-0.0573,0.2349,-0.2636
0.0000,-0.0000,-0.0000
-0.0516,0.2350,-0.2578
0.0000,-0.0000,-0.0000
-0.0573,0.2406,-0.2636
0.0000,-0.0000,-0.0000
-0.0572,0.2406,-0.2636
0.0000,-0.0000,-0.0000
-0.0516,0.2464,-0.2692
0.0000,-0.0000,-0.0000
-0.0516,0.2464,-0.2636
0.0000,-0.0000,-0.0000
-0.1719,-0.0802,0.0860
0.0000,-0.0000,-0.0000
-0.1661,-0.0802,0.0860
0.0000,-0.0000,-0.0000
-0.1719,-0.0745,0.0802
0.0000,-0.0000,-0.0000
-0.1662,-0.0745,0.0802
0.0000,-0.0000,-0.0000
-0.1719,-0.0745,0.0859
0.0000,-0.0000,-0.0000
-0.1718,-0.0745,0.0802
0.0000,-0.0000,-0.0000
-0.1662,-0.0745,0.0802
0.0000,-0.0000,-0.0000
-0.1719,-0.0745,0.0745
0.0000,-0.0000,-0.0000
-0.1719,-0.0687,0.0802
0.0000,-0.0000,-0.0000
-0.1719,-0.0688,0.0745
0.0000,-0.0000,-0.0000
-0.1719,-0.0687,0.0802
0.0000,-0.0000,-0.0000
-0.1718,-0.0688,0.0745
0.0000,-0.0000,-0.0000
-0.1719,-0.0687,0.0745
0.0000,-0.0000,-0.0000
-0.1719,-0.0688,0.0744
0.0000,-0.0000,-0.0000
-0.1719,-0.0630,0.0688
0.0000,-0.0000,-0.0000
-0.0458,0.2406,-0.2636
0.0000,-0.0000,-0.0000
-0.0459,0.2464,-0.2692
0.0000,-0.0000,-0.0000
-0.0458,0.2406,-0.2694
0.0000,-0.0000,-0.0000
0.1719,0.0688,-0.0687
0.0000,-0.0000,-0.0000
0.1719,0.0688,-0.0744
0.0000,-0.0000,-0.0000
0.1661,0.0687,-0.0746
0.0000,-0.0000,-0.0000
0.1719,0.0688,-0.0744
0.0000,-0.0000,-0.0000
0.1719,0.0687,-0.0803
0.0000,-0.0000,-0.0000
0.1662,0.0745,-0.0744
0.0000,-0.0000,-0.0000
0.1718,0.0688,-0.0802
0.0000,-0.0000,-0.0000
0.1662,0.0744,-0.0746
0.0000,-0.0000,-0.0000
0.1719,0.0745,-0.0802
0.0000,-0.0000,-0.0000
0.1661,0.0745,-0.0802
0.0000,-0.0000,-0.0000
0.1719,0.0745,-0.0859
0.0000,-0.0000,-0.0000
0.1662,0.0802,-0.0802
0.0000,-0.0000,-0.0000
0.1661,0.0745,-0.0860
0.0000,-0.0000,-0.0000
0.1662,0.0802,-0.0802
0.0000,-0.0000,-0.0000
0.1719,0.0802,-0.0859
0.0000,-0.0000,-0.0000
0.1662,0.0802,-0.0860
0.0000,-0.0000,-0.0000
0.1661,0.0803,-0.0859
0.0000,-0.0000,-0.0000
0.1662,0.0802,-0.0916
0.0000,-0.0000,-0.0000
0.1661,0.0859,-0.0860
0.0000,-0.0000,-0.0000
0.1662,0.0860,-0.0916
0.0000,-0.0000,-0.0000
0.1604,0.0802,-0.0917
0.0000,-0.0000,-0.0000
0.1662,0.0859,-0.0860
0.0000,-0.0000,-0.0000
0.1661,0.0917,-0.0974
0.0000,-0.0000,-0.0000
0.1605,0.0859,-0.0917
0.0000,-0.0000,-0.0000
0.1661,0.0860,-0.0916
0.0000,-0.0000,-0.0000
0.1662,0.0916,-0.0975
0.0000,-0.0000,-0.0000
0.1604,0.0917,-0.0974
0.0000,-0.0000,-0.0000
0.1604,0.0917,-0.0916
0.0000,-0.0000,-0.0000
0.1662,0.0917,-0.0974
0.0000,-0.0000,-0.0000
0.1604,0.0974,-0.1031
0.0000,-0.0000,-0.0000
0.1604,0.0916,-0.0975
0.0000,-0.0000,-0.0000
0.1662,0.0974,-0.1032
0.0000,-0.0000,-0.0000
0.1604,0.0975,-0.0973
0.0000,-0.0000,-0.0000
0.0573,-0.2579,0.2693
0.0000,-0.0000,-0.0000
0.0630,-0.2578,0.2693
0.0000,-0.0000,-0.0000
-0.1604,-0.0974,0.1031
0.0000,-0.6704,-0.3094
1.9653,-0.1396,0.1469
0.0000,-0.1397,0.1467
0.0000,-0.1397,0.1468
0.0000,-0.1396,0.1469
0.0000,-0.1397,0.1468
0.0000,-0.1396,0.1469
0.0000,-0.1397,0.1467
0.0000,-0.1396,0.1469
0.0000,0.6818,0.3151
-0.0631,0.2406,-0.2636
0.0000,-0.0000,-0.0000
-0.0687,0.2464,-0.2635
0.0000,-0.0000,-0.0000
-0.0630,0.2464,-0.2635
0.0000,-0.0000,-0.0000
-0.0688,0.2521,-0.2636
0.0000,-0.0000,-0.0000
-0.0630,0.2521,-0.2636
0.0000,-0.0000,-0.0000
-0.0688,0.2521,-0.2693
0.0000,-0.0000,-0.0000
-0.0630,0.2578,-0.2693
0.0000,-0.0000,-0.0000
-0.0630,0.2578,-0.2693
0.0000,-0.0000,-0.0000
-0.0631,0.2579,-0.2692
0.0000,-0.0000,-0.0000
-0.0630,0.2635,-0.2751
0.0000,-0.0000,-0.0000
-0.0630,0.2636,-0.2750
0.0000,-0.0000,-0.0000
-0.0630,0.2693,-0.2750
0.0000,-0.0000,-0.0000
-0.0631,0.2693,-0.2750
0.0000,-0.0000,-0.0000
0.1547,0.1088,-0.1089
0.0000,-0.0000,-0.0000
0.1547,0.1089,-0.1146
0.0000,-0.0000,-0.0000
0.0631,-0.2693,0.2808
0.0000,-0.0000,-0.0000
0.1604,0.1089,-0.1146
0.0000,-0.0000,-0.0000
0.0630,-0.2693,0.2750
0.0000,-0.0000,-0.0000
0.0630,-0.2693,0.2750
0.0000,-0.0000,-0.0000
0.0631,-0.2636,0.2750
0.0000,-0.0000,-0.0000
0.0687,-0.2578,0.2693
0.0000,-0.0000,-0.0000
0.0631,-0.2636,0.2693
0.0000,-0.0000,-0.0000
0.0687,-0.2578,0.2693
0.0000,-0.0000,-0.0000
0.0630,-0.2521,0.2693
0.0000,-0.0000,-0.0000
0.0688,-0.2521,0.2693
0.0000,-0.0000,-0.0000
0.0630,-0.2521,0.2635
0.0000,-0.0000,-0.0000
0.0688,-0.2521,0.2636
0.0000,-0.0000,-0.0000
0.0687,-0.2464,0.2635
0.0000,-0.0000,-0.0000
0.0688,-0.2464,0.2578
0.0000,-0.0000,-0.0000
0.0687,-0.2406,0.2636
0.0000,-0.0000,-0.0000
0.0688,-0.2464,0.2578
0.0000,-0.0000,-0.0000
0.0687,-0.2349,0.2579
0.0000,-0.0000,-0.0000
0.0688,-0.2406,0.2579
0.0000,-0.0000,-0.0000
0.0688,-0.2349,0.2578
0.0000,-0.0000,-0.0000
0.0687,-0.2349,0.2521
0.0000,-0.0000,-0.0000
0.0745,-0.2350,0.2578
0.0000,-0.0000,-0.0000
0.0687,-0.2291,0.2521
0.0000,-0.0000,-0.0000
0.0745,-0.2292,0.2521
0.0000,-0.0000,-0.0000
0.0688,-0.2292,0.2521
0.0000,-0.0000,-0.0000
0.0745,-0.2235,0.2521
0.0000,-0.6932,-0.3380
0.3094,-0.1165,0.1299
0.0000,-0.1165,0.1298
0.0000,-0.1165,0.1299
0.0000,0.6932,0.3323
0.0745,-0.2234,0.2521
0.0000,-0.0000,-0.0000
0.2406,-0.1203,0.1318
0.0000,-0.0000,-0.0000
0.0745,-0.2178,0.2463
0.0000,-0.0000,-0.0000
0.0745,-0.2177,0.2464
0.0000,-0.6990,-0.3438
-0.3152,0.1127,-0.1260
0.0000,0.1127,-0.1260
0.0000,0.1126,-0.1262
0.0000,-0.0000,-0.0000
-0.3151,0.1146,-0.1260
0.0000,0.1146,-0.1260
0.0000,0.1146,-0.1261
0.0000,0.6990,0.3381
-0.0687,0.2235,-0.2521
0.0000,-0.6990,-0.3323
-1.0199,0.1251,-0.1366
0.0000,0.1251,-0.1365
0.0000,0.1251,-0.1366
0.0000,0.1251,-0.1365
0.0000,0.1251,-0.1366
0.0000,0.1250,-0.1366
0.0000,0.6876,0.3266
0.0974,0.3323,-0.3610
0.0000,-0.0000,-0.0000
-0.0688,0.2292,-0.2520
0.0000,-0.0000,-0.0000
-0.0687,0.2349,-0.2579
0.0000,-0.0000,-0.0000
-0.0688,0.2407,-0.2578
0.0000,-0.0000,-0.0000
-0.0687,0.2349,-0.2578
0.0000,-0.0000,-0.0000
-0.0688,0.2406,-0.2579
0.0000,-0.6761,-0.3151
-0.2865,-0.1449,0.1547
0.0000,-0.1448,0.1547
0.0000,-0.1449,0.1547
0.0000,-0.1449,0.1547
0.0000,-0.1449,0.1547
0.0000,-0.1448,0.1547
0.0000,-0.1449,0.1547
0.0000,0.6818,0.3266
0.2292,-0.1375,0.1490
0.0000,-0.0000,-0.0000
0.0688,-0.2292,0.2578
0.0000,-0.0000,-0.0000
-0.2292,0.1375,-0.1490
0.0000,-0.0000,-0.0000
-0.1662,-0.0974,0.1031
0.0000,-0.0000,-0.0000
-0.1661,-0.0917,0.1031
0.0000,-0.0000,-0.0000
0.0687,-0.2349,0.2521
0.0000,-0.0000,-0.0000
0.0631,-0.2292,0.2579
0.0000,-0.0000,-0.0000
0.1661,0.0917,-0.1031
0.0000,-0.0000,-0.0000
0.0688,-0.2234,0.2521
0.0000,-0.0000,-0.0000
0.0687,-0.2292,0.2521
0.0000,-0.0000,-0.0000
0.1662,0.0917,-0.1031
0.0000,-0.0000,-0.0000
0.0745,-0.2235,0.2463
0.0000,-0.0000,-0.0000
0.1661,0.0974,-0.1031
0.0000,-0.0000,-0.0000
0.0688,-0.2292,0.2521
0.0000,-0.0000,-0.0000
0.1661,0.0974,-0.1089
0.0000,-0.0000,-0.0000
0.0745,-0.2234,0.2522
0.0000,-0.0000,-0.0000
0.0688,-0.2235,0.2463
0.0000,-0.0000,-0.0000
0.1661,0.0974,-0.1032
0.0000,-0.0000,-0.0000
0.0745,-0.2177,0.2464
0.0000,-0.0000,-0.0000
0.1662,0.0917,-0.1088
0.0000,-0.0000,-0.0000
0.0745,-0.2178,0.2463
0.0000,-0.0000,-0.0000
0.0744,-0.2177,0.2464
0.0000,-0.0000,-0.0000
0.1662,0.0974,-0.1089
0.0000,-0.0000,-0.0000
0.0745,-0.2177,0.2464
0.0000,-0.0000,-0.0000
0.0745,-0.2120,0.2464
0.0000,-0.0000,-0.0000
0.2463,-0.1203,0.1318
0.0000,-0.0000,-0.0000
0.0745,-0.2063,0.2463
0.0000,-0.0000,-0.0000
0.0745,-0.2120,0.2407
0.0000,-0.0000,-0.0000
0.1719,0.0974,-0.1089
0.0000,-0.0000,-0.0000
0.1662,0.0917,-0.1146
0.0000,-0.0000,-0.0000
0.1661,0.0974,-0.1088
0.0000,-0.0000,-0.0000
-0.0745,0.2120,-0.2464
0.0000,-0.0000,-0.0000
-0.0802,0.2120,-0.2406
0.0000,-0.0000,-0.0000
-0.0745,0.2177,-0.2464
0.0000,-0.7047,-0.3438
0.6589,0.1356,-0.1508
0.0000,0.1356,-0.1509
0.0000,0.1356,-0.1509
0.0000,0.6990,0.3380
0.2464,-0.1089,0.1318
0.0000,-0.0000,-0.0000
0.0802,-0.2177,0.2406
0.0000,-0.0000,-0.0000
0.0802,-0.2120,0.2407
0.0000,-0.0000,-0.0000
0.1605,0.1031,-0.1146
0.0000,-0.0000,-0.0000
0.0802,-0.2120,0.2406
0.0000,-0.0000,-0.0000
0.1661,0.1032,-0.1203
0.0000,-0.0000,-0.0000
0.0860,0.3208,-0.3610
0.0000,-0.0000,-0.0000
0.1604,0.1032,-0.1202
0.0000,-0.0000,-0.0000
-0.0802,0.2177,-0.2407
0.0000,-0.0000,-0.0000
-0.2406,0.1089,-0.1203
0.0000,-0.0000,-0.0000
-0.0803,0.2177,-0.2464
0.0000,-0.0000,-0.0000
-0.0802,0.2177,-0.2406
0.0000,-0.0000,-0.0000
-0.0802,0.2177,-0.2464
0.0000,-0.0000,-0.0000
0.1604,0.1089,-0.1203
0.0000,-0.0000,-0.0000
0.1605,0.1088,-0.1204
0.0000,-0.0000,-0.0000
0.1604,0.1089,-0.1203
0.0000,-0.0000,-0.0000
0.1604,0.1146,-0.1260
0.0000,-0.0000,-0.0000
0.1605,0.1089,-0.1203
0.0000,-0.0000,-0.0000
0.1604,0.1146,-0.1261
0.0000,-0.0000,-0.0000
0.1604,0.1145,-0.1261
0.0000,-0.0000,-0.0000
0.1604,0.1146,-0.1260
0.0000,-0.0000,-0.0000
0.1547,0.1146,-0.1261
0.0000,-0.0000,-0.0000
0.1605,0.1204,-0.1260
0.0000,-0.0000,-0.0000
0.1547,0.1145,-0.1318
0.0000,-0.0000,-0.0000
0.1604,0.1204,-0.1260
0.0000,-0.0000,-0.0000
0.1547,0.1203,-0.1318
0.0000,-0.0000,-0.0000
0.1547,0.1203,-0.1318
0.0000,-0.0000,-0.0000
0.1547,0.1261,-0.1317
0.0000,-0.0000,-0.0000
-0.0802,0.2234,-0.2465
0.0000,-0.0000,-0.0000
-0.0860,0.2349,-0.2521
0.0000,-0.0000,-0.0000
-0.0802,0.2292,-0.2463
0.0000,-0.0000,-0.0000
-0.1547,-0.1203,0.1318
0.0000,-0.0000,-0.0000
-0.1547,-0.1261,0.1317
0.0000,-0.0000,-0.0000
-0.1547,-0.1203,0.1318
0.0000,-0.0000,-0.0000
-0.1547,-0.1203,0.1318
0.0000,-0.0000,-0.0000
-0.1604,-0.1203,0.1261
0.0000,-0.0000,-0.0000
-0.1547,-0.1204,0.1260
0.0000,-0.0000,-0.0000
-0.1604,-0.1145,0.1318
0.0000,-0.0000,-0.0000
-0.1547,-0.1146,0.1261
0.0000,-0.0000,-0.0000
-0.1605,-0.1146,0.1203
0.0000,-0.0000,-0.0000
-0.1547,-0.1146,0.1260
0.0000,-0.0000,-0.0000
-0.1604,-0.1146,0.1261
0.0000,-0.0000,-0.0000
-0.1604,-0.1146,0.1203
0.0000,-0.6818,-0.3266
-0.8193,-0.1380,0.1509
0.0000,-0.1380,0.1508
0.0000,-0.1380,0.1509
0.0000,-0.1380,0.1509
0.0000,-0.1380,0.1508
0.0000,-0.1379,0.1510
0.0000,-0.1380,0.1509
0.0000,-0.1380,0.1508
0.0000,-0.1380,0.1509
0.0000,-0.1380,0.1509
0.0000,-0.1380,0.1508
0.0000,-0.1380,0.1509
0.0000,0.6933,0.3381
-0.0803,0.2235,-0.2464
0.0000,-0.0000,-0.0000
-0.1604,-0.1032,0.1146
0.0000,-0.0000,-0.0000
-0.0802,0.2178,-0.2463
0.0000,-0.0000,-0.0000
-0.0745,0.2234,-0.2464
0.0000,-0.0000,-0.0000
-0.1661,-0.1031,0.1146
0.0000,-0.0000,-0.0000
-0.0745,0.2234,-0.2465
0.0000,-0.0000,-0.0000
-0.0745,0.2235,-0.2520
0.0000,-0.0000,-0.0000
-0.1662,-0.1031,0.1146
0.0000,-0.0000,-0.0000
-0.0687,0.2234,-0.2464
0.0000,-0.0000,-0.0000
-0.0745,0.2292,-0.2521
0.0000,-0.0000,-0.0000
-0.1662,-0.1031,0.1146
0.0000,-0.0000,-0.0000
-0.0745,0.2291,-0.2522
0.0000,-0.0000,-0.0000
-0.1604,-0.1031,0.1089
0.0000,-0.0000,-0.0000
-0.0745,0.2292,-0.2520
0.0000,-0.0000,-0.0000
-0.0687,0.2349,-0.2522
0.0000,-0.0000,-0.0000
-0.0745,0.2292,-0.2520
0.0000,-0.0000,-0.0000
-0.0688,0.2406,-0.2579
0.0000,-0.0000,-0.0000
-0.0687,0.2349,-0.2579
0.0000,-0.0000,-0.0000
0.1604,0.1032,-0.1088
0.0000,-0.0000,-0.0000
0.1604,0.1031,-0.1146
0.0000,-0.0000,-0.0000
0.0688,-0.2349,0.2579
0.0000,-0.0000,-0.0000
0.0745,-0.2349,0.2521
0.0000,-0.0000,-0.0000
0.1604,0.1031,-0.1146
0.0000,-0.0000,-0.0000
0.0745,-0.2349,0.2578
0.0000,-0.0000,-0.0000
0.1604,0.1089,-0.1146
0.0000,-0.0000,-0.0000
0.0745,-0.2350,0.2521
0.0000,-0.0000,-0.0000
0.0688,-0.2349,0.2521
0.0000,-0.0000,-0.0000
0.1661,0.1089,-0.1146
0.0000,-0.0000,-0.0000
0.0745,-0.2292,0.2521
0.0000,-0.0000,-0.0000
0.1604,0.1031,-0.1203
0.0000,-0.0000,-0.0000
0.0745,-0.2291,0.2521
0.0000,-0.0000,-0.0000
0.0745,-0.2235,0.2521
0.0000,-0.0000,-0.0000
0.1604,0.1031,-0.1204
0.0000,-0.0000,-0.0000
0.0802,-0.2234,0.2522
0.0000,-0.0000,-0.0000
0.0860,0.3323,-0.3667
0.0000,-0.0000,-0.0000
0.1604,0.1089,-0.1203
0.0000,-0.0000,-0.0000
-0.0802,0.2292,-0.2521
0.0000,-0.0000,-0.0000
-0.0745,0.2291,-0.2522
0.0000,-0.0000,-0.0000
-0.0745,0.2349,-0.2464
0.0000,-0.0000,-0.0000
-0.0802,0.2350,-0.2577
0.0000,-0.0000,-0.0000
-0.0745,0.2349,-0.2521
0.0000,-0.0000,-0.0000
-0.0745,0.2349,-0.2521
0.0000,-0.0000,-0.0000
-0.0744,0.2406,-0.2579
0.0000,-0.0000,-0.0000
-0.0745,0.2407,-0.2578
0.0000,-0.0000,-0.0000
-0.0688,0.2463,-0.2579
0.0000,-0.0000,-0.0000
-0.0745,0.2407,-0.2635
0.0000,-0.0000,-0.0000
-0.0744,0.2464,-0.2578
0.0000,-0.0000,-0.0000
-0.0688,0.2521,-0.2635
0.0000,-0.0000,-0.0000
-0.0745,0.2521,-0.2636
0.0000,-0.0000,-0.0000
-0.0687,0.2521,-0.2636
0.0000,-0.0000,-0.0000
-0.0745,0.2521,-0.2635
0.0000,-0.0000,-0.0000
-0.0688,0.2578,-0.2693
0.0000,-0.0000,-0.0000
-0.0687,0.2636,-0.2693
0.0000,-0.0000,-0.0000
-0.0745,0.2578,-0.2693
0.0000,-0.0000,-0.0000
-0.0688,0.2635,-0.2694
0.0000,-0.0000,-0.0000
-0.0687,0.2693,-0.2750
0.0000,-0.0000,-0.0000
-0.0688,0.2693,-0.2750
0.0000,-0.0000,-0.0000
-0.0687,0.2693,-0.2750
0.0000,-0.0000,-0.0000
-0.0688,0.2750,-0.2750
0.0000,-0.0000,-0.0000
-0.0687,0.2751,-0.2807
0.0000,-0.0000,-0.0000
-0.0631,0.2750,-0.2808
0.0000,-0.0000,-0.0000
0.1490,0.1260,-0.1261
0.0000,-0.0000,-0.0000
0.1547,0.1261,-0.1260
0.0000,-0.0000,-0.0000
0.0687,-0.2808,0.2807
0.0000,-0.0000,-0.0000
0.1490,0.1261,-0.1260
0.0000,-0.0000,-0.0000
0.0688,-0.2808,0.2807
0.0000,-0.0000,-0.0000
0.0687,-0.2750,0.2808
0.0000,-0.0000,-0.0000
0.0688,-0.2693,0.2750
0.0000,-0.0000,-0.0000
0.0687,-0.2693,0.2750
0.0000,-0.0000,-0.0000
0.0745,-0.2693,0.2750
0.0000,-0.0000,-0.0000
0.0688,-0.2693,0.2693
0.0000,-0.0000,-0.0000
0.0687,-0.2635,0.2751
0.0000,-0.0000,-0.0000
0.1547,0.1260,-0.1261
0.0000,-0.0000,-0.0000
0.0745,-0.2635,0.2693
0.0000,-0.0000,-0.0000
0.1490,0.1203,-0.1260
0.0000,-0.0000,-0.0000
0.1547,0.1260,-0.1261
0.0000,-0.0000,-0.0000
0.1547,0.1261,-0.1318
0.0000,-0.0000,-0.0000
0.1490,0.1260,-0.1261
0.0000,-0.0000,-0.0000
0.1546,0.1261,-0.1317
0.0000,-0.0000,-0.0000
0.1490,0.1261,-0.1317
0.0000,-0.0000,-0.0000
0.1547,0.1317,-0.1319
0.0000,-0.0000,-0.0000
0.1490,0.1318,-0.1318
0.0000,-0.0000,-0.0000
0.1490,0.1318,-0.1375
0.0000,-0.0000,-0.0000
0.1489,0.1318,-0.1317
0.0000,-0.0000,-0.0000
0.0802,-0.2693,0.2693
0.0000,-0.0000,-0.0000
0.0745,-0.2636,0.2692
0.0000,-0.0000,-0.0000
-0.1547,-0.1318,0.1375
0.0000,-0.0000,-0.0000
-0.0745,-0.3896,0.4011
0.0000,-0.0000,-0.0000
-0.1489,-0.1260,0.1318
0.0000,-0.0000,-0.0000
-0.1547,-0.1318,0.1318
0.0000,-0.0000,-0.0000
-0.1490,-0.1261,0.1260
0.0000,-0.0000,-0.0000
-0.1547,-0.1260,0.1318
0.0000,-0.0000,-0.0000
-0.1547,-0.1203,0.1261
0.0000,-0.0000,-0.0000
-0.1547,-0.1261,0.1317
0.0000,-0.0000,-0.0000
-0.1490,-0.1203,0.1261
0.0000,-0.0000,-0.0000
-0.1547,-0.1203,0.1203
0.0000,-0.0000,-0.0000
-0.1547,-0.1203,0.1261
0.0000,-0.0000,-0.0000
0.0688,-0.2521,0.2636
0.0000,-0.0000,-0.0000
0.0745,-0.2521,0.2635
0.0000,-0.0000,-0.0000
0.0745,-0.2464,0.2636
0.0000,-0.0000,-0.0000
0.0744,-0.2464,0.2578
0.0000,-0.0000,-0.0000
0.0745,-0.2464,0.2578
0.0000,-0.0000,-0.0000
0.1547,0.1146,-0.1203
0.0000,-0.0000,-0.0000
0.2349,-0.1260,0.1318
0.0000,-0.0000,-0.0000
0.1547,0.1203,-0.1261
0.0000,-0.0000,-0.0000
0.1547,0.1203,-0.1261
0.0000,-0.0000,-0.0000
0.1547,0.1203,-0.1260
0.0000,-0.0000,-0.0000
0.1547,0.1204,-0.1260
0.0000,-0.0000,-0.0000
0.1547,0.1260,-0.1318
0.0000,-0.0000,-0.0000
0.1547,0.1203,-0.1318
0.0000,-0.0000,-0.0000
0.1547,0.1261,-0.1318
0.0000,-0.0000,-0.0000
0.1490,0.1260,-0.1318
0.0000,-0.0000,-0.0000
0.0802,-0.2463,0.2579
0.0000,-0.0000,-0.0000
-0.0745,-0.3667,0.3896
0.0000,-0.6704,-0.3037
-0.2291,-0.1232,0.1275
0.0000,-0.1232,0.1274
0.0000,-0.1231,0.1276
0.0000,-0.1232,0.1275
0.0000,0.6761,0.3094
-0.1547,-0.1261,0.1317
0.0000,-0.0000,-0.0000
-0.1605,-0.1203,0.1261
0.0000,-0.0000,-0.0000
-0.1547,-0.1146,0.1260
0.0000,-0.0000,-0.0000
-0.1547,-0.1203,0.1261
0.0000,-0.0000,-0.0000
-0.1547,-0.1146,0.1260
0.0000,-0.0000,-0.0000
-0.1604,-0.1146,0.1204
0.0000,-0.0000,-0.0000
-0.1604,-0.1146,0.1260
0.0000,-0.0000,-0.0000
0.0802,-0.2406,0.2521
0.0000,-0.0000,-0.0000
0.0745,-0.2292,0.2521
0.0000,-0.0000,-0.0000
0.0802,-0.2349,0.2521
0.0000,-0.0000,-0.0000
0.0745,-0.2292,0.2521
0.0000,-0.6818,-0.3265
0.9453,0.1450,-0.1539
0.0000,0.1450,-0.1538
0.0000,0.1450,-0.1538
0.0000,0.1450,-0.1538
0.0000,0.1450,-0.1538
0.0000,0.1450,-0.1539
0.0000,0.1450,-0.1538
0.0000,0.1450,-0.1538
0.0000,0.1450,-0.1538
0.0000,0.1450,-0.1538
0.0000,0.1450,-0.1539
0.0000,0.1450,-0.1538
0.0000,0.1450,-0.1538
0.0000,-0.0000,-0.0000
0.2292,0.1232,-0.1289
0.0000,0.1232,-0.1289
0.0000,0.1232,-0.1289
0.0000,0.1231,-0.1290
0.0000,0.6704,0.3037
0.1547,0.1260,-0.1318
0.0000,-0.0000,-0.0000
-0.1604,0.4928,-0.5156
0.0000,-0.6646,-0.2979
0.4927,0.1434,-0.1453
0.0000,0.1435,-0.1451
0.0000,0.1435,-0.1451
0.0000,0.1435,-0.1451
0.0000,0.1435,-0.1452
0.0000,0.1434,-0.1452
0.0000,0.1435,-0.1451
0.0000,0.1435,-0.1452
0.0000,0.1435,-0.1451
0.0000,0.1434,-0.1452
0.0000,0.1435,-0.1451
0.0000,0.1435,-0.1452
0.0000,0.1435,-0.1451
0.0000,0.1435,-0.1451
0.0000,0.1434,-0.1453
0.0000,0.1435,-0.1451
0.0000,0.1435,-0.1451
0.0000,0.1435,-0.1451
0.0000,0.1434,-0.1453
0.0000,0.1435,-0.1451
0.0000,0.1435,-0.1451
0.0000,0.1435,-0.1451
0.0000,0.1435,-0.1452
0.0000,0.1434,-0.1452
0.0000,0.6532,0.2750
-0.2234,0.1318,-0.1317
0.0000,-0.0000,-0.0000
-0.1432,-0.1432,0.1433
0.0000,-0.0000,-0.0000
-0.1490,-0.1433,0.1431
0.0000,-0.0000,-0.0000
-0.0745,0.2750,-0.2750
0.0000,-0.0000,-0.0000
-0.0745,0.2808,-0.2807
0.0000,-0.0000,-0.0000
-0.0745,0.2807,-0.2808
0.0000,-0.0000,-0.0000
0.1433,0.1433,-0.1432
0.0000,-0.0000,-0.0000
0.1489,0.1432,-0.1432
0.0000,-0.0000,-0.0000
0.1433,0.1490,-0.1433
0.0000,-0.0000,-0.0000
0.2234,-0.1375,0.1318
0.0000,-0.0000,-0.0000
0.1433,0.1489,-0.1490
0.0000,-0.0000,-0.0000
0.1432,0.1547,-0.1490
0.0000,-0.0000,-0.0000
0.2235,-0.1375,0.1318
0.0000,-0.0000,-0.0000
0.1432,0.1547,-0.1489
0.0000,-0.0000,-0.0000
0.1432,0.1547,-0.1547
0.0000,-0.0000,-0.0000
0.2235,-0.1318,0.1317
0.0000,-0.0000,-0.0000
0.1432,0.1605,-0.1546
0.0000,-0.0000,-0.0000
0.2235,-0.1318,0.1260
0.0000,-0.6475,-0.2636
-1.1574,-0.1349,0.1325
0.0000,-0.1350,0.1324
0.0000,-0.1349,0.1324
0.0000,-0.1350,0.1324
0.0000,-0.1350,0.1324
0.0000,-0.1349,0.1325
0.0000,-0.1350,0.1324
0.0000,-0.1350,0.1323
0.0000,-0.1349,0.1325
0.0000,0.6531,0.2750
0.0802,-0.2692,0.2751
0.0000,-0.0000,-0.0000
0.0745,-0.2751,0.2692
0.0000,-0.0000,-0.0000
0.0802,-0.2693,0.2693
0.0000,-0.0000,-0.0000
0.0802,-0.2635,0.2693
0.0000,-0.0000,-0.0000
0.0745,-0.2636,0.2693
0.0000,-0.0000,-0.0000
0.0802,-0.2635,0.2693
0.0000,-0.0000,-0.0000
0.0803,-0.2579,0.2635
0.0000,-0.0000,-0.0000
0.0802,-0.2578,0.2636
0.0000,-0.0000,-0.0000
0.0802,-0.2578,0.2636
0.0000,-0.0000,-0.0000
0.0859,-0.2521,0.2578
0.0000,-0.0000,-0.0000
0.0802,-0.2521,0.2579
0.0000,-0.0000,-0.0000
0.0803,-0.2464,0.2578
0.0000,-0.0000,-0.0000
0.0859,-0.2464,0.2578
0.0000,-0.0000,-0.0000
-0.1490,-0.1375,0.1432
0.0000,-0.0000,-0.0000
-0.1547,-0.1318,0.1375
0.0000,-0.0000,-0.0000
-0.1489,-0.1317,0.1376
0.0000,-0.0000,-0.0000
-0.1490,-0.1318,0.1375
0.0000,-0.0000,-0.0000
0.0802,-0.2464,0.2578
0.0000,-0.0000,-0.0000
0.0802,-0.2349,0.2521
0.0000,-0.0000,-0.0000
0.1547,0.1260,-0.1376
0.0000,-0.0000,-0.0000
0.2349,-0.1031,0.1147
0.0000,-0.0000,-0.0000
0.1490,0.1318,-0.1433
0.0000,-0.0000,-0.0000
0.1490,0.1318,-0.1374
0.0000,-0.0000,-0.0000
0.0859,-0.2407,0.2520
0.0000,-0.0000,-0.0000
0.0860,-0.2349,0.2521
0.0000,-0.0000,-0.0000
0.0859,-0.2349,0.2464
0.0000,-0.0000,-0.0000
0.0859,-0.2349,0.2464
0.0000,-0.0000,-0.0000
0.0860,-0.2292,0.2463
0.0000,-0.0000,-0.0000
0.0859,-0.2292,0.2464
0.0000,-0.0000,-0.0000
0.0860,-0.2292,0.2464
0.0000,-0.0000,-0.0000
0.2406,-0.0974,0.1031
0.0000,-0.0000,-0.0000
0.0860,-0.2234,0.2407
0.0000,-0.0000,-0.0000
0.1547,0.1318,-0.1375
0.0000,-0.0000,-0.0000
0.1489,0.1317,-0.1433
0.0000,-0.0000,-0.0000
-0.0859,0.2235,-0.2406
0.0000,-0.0000,-0.0000
0.0630,0.3610,-0.3896
0.0000,-0.0000,-0.0000
-0.2406,0.0974,-0.1031
0.0000,-0.0000,-0.0000
-0.0860,0.2291,-0.2465
0.0000,-0.0000,-0.0000
-0.0859,0.2350,-0.2463
0.0000,-0.0000,-0.0000
-0.0860,0.2349,-0.2464
0.0000,-0.0000,-0.0000
-0.0859,0.2349,-0.2521
0.0000,-0.0000,-0.0000
0.0630,0.3781,-0.3954
0.0000,-0.0000,-0.0000
-0.0859,0.2407,-0.2520
0.0000,-0.0000,-0.0000
0.1489,0.1375,-0.1433
0.0000,-0.0000,-0.0000
0.1490,0.1432,-0.1490
0.0000,-0.0000,-0.0000
0.0573,0.3839,-0.4010
0.0000,-0.0000,-0.0000
0.1490,0.1433,-0.1489
0.0000,-0.0000,-0.0000
-0.0860,0.2521,-0.2521
0.0000,-0.0000,-0.0000
-0.0859,0.2463,-0.2579
0.0000,-0.0000,-0.0000
-0.1432,-0.1432,0.1490
0.0000,-0.0000,-0.0000
-0.1490,-0.1433,0.1489
0.0000,-0.0000,-0.0000
-0.1490,-0.1432,0.1433
0.0000,-0.0000,-0.0000
-0.2292,0.1089,-0.1089
0.0000,-0.0000,-0.0000
-0.0802,0.2521,-0.2578
0.0000,-0.0000,-0.0000
-0.0859,0.2521,-0.2636
0.0000,-0.0000,-0.0000
-0.0802,0.2578,-0.2578
0.0000,-0.0000,-0.0000
-0.2292,0.1146,-0.1203
0.0000,-0.0000,-0.0000
-0.0802,0.2578,-0.2636
0.0000,-0.0000,-0.0000
-0.0860,0.2636,-0.2635
0.0000,-0.0000,-0.0000
0.0688,0.4068,-0.4183
0.0000,-0.0000,-0.0000
-0.0802,0.2693,-0.2693
0.0000,-0.0000,-0.0000
-0.2235,0.1203,-0.1203
0.0000,-0.0000,-0.0000
0.0630,0.4240,-0.4240
0.0000,-0.0000,-0.0000
0.1433,0.1490,-0.1489
0.0000,-0.0000,-0.0000
0.1489,0.1489,-0.1491
0.0000,-0.0000,-0.0000
0.1433,0.1547,-0.1547
0.0000,-0.0000,-0.0000
0.1432,0.1547,-0.1489
0.0000,-0.0000,-0.0000
0.0630,0.4355,-0.4354
0.0000,-0.6532,-0.2636
0.7506,-0.1272,0.1249
0.0000,-0.1272,0.1249
0.0000,-0.1272,0.1249
0.0000,-0.1272,0.1249
0.0000,-0.1272,0.1249
0.0000,0.6532,0.2693
0.0860,-0.2750,0.2750
0.0000,-0.0000,-0.0000
0.2234,-0.1089,0.1089
0.0000,-0.0000,-0.0000
0.0860,-0.2693,0.2692
0.0000,-0.0000,-0.0000
0.0859,-0.2635,0.2694
0.0000,-0.0000,-0.0000
0.0802,-0.2636,0.2635
0.0000,-0.0000,-0.0000
0.0860,-0.2636,0.2635
0.0000,-0.0000,-0.0000
0.0859,-0.2578,0.2636
0.0000,-0.0000,-0.0000
0.0859,-0.2578,0.2579
0.0000,-0.0000,-0.0000
0.0860,-0.2521,0.2578
0.0000,-0.0000,-0.0000
0.0859,-0.2521,0.2579
0.0000,-0.0000,-0.0000
0.0917,-0.2464,0.2578
0.0000,-0.0000,-0.0000
0.0860,-0.2521,0.2521
0.0000,-0.0000,-0.0000
-0.1490,-0.1490,0.1546
0.0000,-0.0000,-0.0000
-0.1433,-0.1432,0.1490
0.0000,-0.0000,-0.0000
-0.1489,-0.1490,0.1547
0.0000,-0.0000,-0.0000
-0.1433,-0.1432,0.1490
0.0000,-0.0000,-0.0000
0.0860,-0.2407,0.2521
0.0000,-0.0000,-0.0000
0.0859,-0.2406,0.2521
0.0000,-0.0000,-0.0000
0.0917,-0.2406,0.2464
0.0000,-0.0000,-0.0000
0.1432,0.1432,-0.1490
0.0000,-0.0000,-0.0000
0.1490,0.1432,-0.1490
0.0000,-0.0000,-0.0000
0.1490,0.1433,-0.1489
0.0000,-0.0000,-0.0000
0.1432,0.1489,-0.1548
0.0000,-0.0000,-0.0000
0.1490,0.1490,-0.1546
0.0000,-0.0000,-0.0000
0.1432,0.1490,-0.1547
0.0000,-0.0000,-0.0000
0.1433,0.1489,-0.1548
0.0000,-0.0000,-0.0000
0.1432,0.1490,-0.1547
0.0000,-0.0000,-0.0000
0.0917,-0.2406,0.2522
0.0000,-0.0000,-0.0000
0.0916,-0.2407,0.2463
0.0000,-0.0000,-0.0000
-0.0515,-0.3839,0.4011
0.0000,-0.0000,-0.0000
0.0859,-0.2406,0.2464
0.0000,-0.0000,-0.0000
0.0974,-0.2292,0.2463
0.0000,-0.0000,-0.0000
0.2349,-0.0859,0.0917
0.0000,-0.0000,-0.0000
0.1433,0.1489,-0.1605
0.0000,-0.0000,-0.0000
0.0515,0.3839,-0.4010
0.0000,-0.0000,-0.0000
0.0516,0.3896,-0.4011
0.0000,-0.0000,-0.0000
-0.0917,0.2350,-0.2463
0.0000,-0.0000,-0.0000
-0.0916,0.2406,-0.2521
0.0000,-0.0000,-0.0000
0.0515,0.4011,-0.4068
0.0000,-0.0000,-0.0000
-0.0916,0.2463,-0.2522
0.0000,-0.0000,-0.0000
0.1432,0.1547,-0.1661
0.0000,-0.0000,-0.0000
0.1432,0.1605,-0.1604
0.0000,-0.0000,-0.0000
0.1375,0.1604,-0.1662
0.0000,-0.0000,-0.0000
0.1433,0.1662,-0.1661
0.0000,-0.0000,-0.0000
0.1375,0.1604,-0.1662
0.0000,-0.0000,-0.0000
0.1432,0.1661,-0.1662
0.0000,-0.0000,-0.0000
0.1375,0.1662,-0.1661
0.0000,-0.6532,-0.2808
-0.6932,0.0879,-0.0878
0.0000,0.0878,-0.0879
0.0000,0.0879,-0.0878
0.0000,0.6532,0.2751
-0.1375,-0.1662,0.1661
0.0000,-0.0000,-0.0000
-0.1433,-0.1604,0.1662
0.0000,-0.0000,-0.0000
-0.1375,-0.1662,0.1661
0.0000,-0.0000,-0.0000
-0.1432,-0.1604,0.1604
0.0000,-0.0000,-0.0000
-0.1433,-0.1604,0.1662
0.0000,-0.0000,-0.0000
-0.1432,-0.1547,0.1604
0.0000,-0.0000,-0.0000
-0.1433,-0.1547,0.1605
0.0000,-0.0000,-0.0000
-0.1432,-0.1605,0.1546
0.0000,-0.0000,-0.0000
-0.0859,0.2521,-0.2521
0.0000,-0.0000,-0.0000
-0.2292,0.0974,-0.1031
0.0000,-0.0000,-0.0000
-0.0917,0.2579,-0.2578
0.0000,-0.0000,-0.0000
-0.0859,0.2521,-0.2578
0.0000,-0.0000,-0.0000
-0.0860,0.2578,-0.2636
0.0000,-0.0000,-0.0000
-0.0859,0.2636,-0.2635
0.0000,-0.0000,-0.0000
0.1432,0.1604,-0.1605
0.0000,-0.0000,-0.0000
0.1433,0.1604,-0.1605
0.0000,-0.0000,-0.0000
0.1375,0.1604,-0.1604
0.0000,-0.0000,-0.0000
0.1432,0.1605,-0.1604
0.0000,-0.0000,-0.0000
0.1375,0.1661,-0.1662
0.0000,-0.0000,-0.0000
0.1433,0.1662,-0.1661
0.0000,-0.0000,-0.0000
0.1375,0.1661,-0.1662
0.0000,-0.6474,-0.2693
-1.1001,-0.0458,0.0459
0.0000,-0.0459,0.0458
0.0000,-0.0458,0.0459
0.0000,-0.0458,0.0458
0.0000,0.6474,0.2693
-0.1433,-0.1604,0.1604
0.0000,-0.0000,-0.0000
-0.0802,0.2693,-0.2692
0.0000,-0.6475,-0.2694
-0.8193,0.0592,-0.0592
0.0000,0.0592,-0.0592
0.0000,0.0592,-0.0592
0.0000,0.6532,0.2693
-0.0802,0.2750,-0.2751
0.0000,-0.0000,-0.0000
-0.2235,0.1203,-0.1203
0.0000,-0.0000,-0.0000
-0.0802,0.2808,-0.2807
0.0000,-0.0000,-0.0000
-0.0802,0.2865,-0.2750
0.0000,-0.0000,-0.0000
-0.1432,-0.1605,0.1546
0.0000,-0.0000,-0.0000
-0.0802,0.2865,-0.2807
0.0000,-0.0000,-0.0000
-0.0803,0.2865,-0.2807
0.0000,-0.0000,-0.0000
-0.1432,-0.1604,0.1547
0.0000,-0.0000,-0.0000
-0.0802,0.2922,-0.2808
0.0000,-0.0000,-0.0000
-0.1375,-0.1604,0.1548
0.0000,-0.0000,-0.0000
-0.0802,0.2922,-0.2865
0.0000,-0.0000,-0.0000
-0.0803,0.2922,-0.2865
0.0000,-0.0000,-0.0000
-0.1375,-0.1605,0.1546
0.0000,-0.0000,-0.0000
-0.0802,0.2980,-0.2864
0.0000,-0.0000,-0.0000
-0.1432,-0.1604,0.1547
0.0000,-0.0000,-0.0000
-0.0745,0.2979,-0.2922
0.0000,-0.0000,-0.0000
0.0688,0.4698,-0.4527
0.0000,-0.0000,-0.0000
0.1375,0.1604,-0.1604
0.0000,-0.0000,-0.0000
0.1432,0.1719,-0.1604
0.0000,-0.0000,-0.0000
0.1375,0.1662,-0.1604
0.0000,-0.0000,-0.0000
0.0802,-0.3094,0.2979
0.0000,-0.0000,-0.0000
0.0745,-0.3037,0.2922
0.0000,-0.0000,-0.0000
0.1433,0.1662,-0.1604
0.0000,-0.0000,-0.0000
0.0744,-0.2980,0.2921
0.0000,-0.0000,-0.0000
0.1433,0.1662,-0.1661
0.0000,-0.0000,-0.0000
0.0802,-0.2979,0.2923
0.0000,-0.0000,-0.0000
0.0802,-0.2980,0.2921
0.0000,-0.0000,-0.0000
0.1375,0.1662,-0.1661
0.0000,-0.0000,-0.0000
0.0802,-0.2980,0.2864
0.0000,-0.0000,-0.0000
0.2178,-0.1260,0.1261
0.0000,-0.0000,-0.0000
0.0859,-0.2865,0.2808
0.0000,-0.0000,-0.0000
0.0802,-0.2922,0.2864
0.0000,-0.0000,-0.0000
0.2235,-0.1203,0.1147
0.0000,-0.0000,-0.0000
0.0802,-0.2808,0.2806
0.0000,-0.0000,-0.0000
0.0802,-0.2807,0.2751
0.0000,-0.0000,-0.0000
0.0859,-0.2750,0.2751
0.0000,-0.0000,-0.0000
0.2235,-0.1146,0.1088
0.0000,-0.6532,-0.2636
0.4526,-0.1089,0.1088
0.0000,-0.1088,0.1090
0.0000,0.6532,0.2636
0.1375,0.1661,-0.1605
0.0000,-0.0000,-0.0000
0.1433,0.1662,-0.1661
0.0000,-0.0000,-0.0000
0.1375,0.1661,-0.1663
0.0000,-0.0000,-0.0000
0.1432,0.1662,-0.1661
0.0000,-0.0000,-0.0000
0.1375,0.1719,-0.1718
0.0000,-0.0000,-0.0000
0.1375,0.1719,-0.1662
0.0000,-0.0000,-0.0000
-0.0859,0.2807,-0.2751
0.0000,-0.0000,-0.0000
-0.0859,0.2808,-0.2749
0.0000,-0.0000,-0.0000
-0.0860,0.2864,-0.2809
0.0000,-0.0000,-0.0000
-0.0859,0.2865,-0.2807
0.0000,-0.0000,-0.0000
-0.0860,0.2922,-0.2807
0.0000,-0.0000,-0.0000
-0.0802,0.2922,-0.2865
0.0000,-0.0000,-0.0000
-0.0859,0.2980,-0.2864
0.0000,-0.0000,-0.0000
-0.0802,0.3036,-0.2866
0.0000,-0.0000,-0.0000
-0.0860,0.2980,-0.2921
0.0000,-0.0000,-0.0000
-0.0802,0.3094,-0.2980
0.0000,-0.0000,-0.0000
-0.0859,0.3094,-0.2922
0.0000,-0.0000,-0.0000
-0.2178,0.1260,-0.1204
0.0000,-0.0000,-0.0000
-0.0802,0.3151,-0.3037
0.0000,-0.0000,-0.0000
-0.1375,-0.1890,0.1777
0.0000,-0.0000,-0.0000
-0.0802,0.3208,-0.2980
0.0000,-0.0000,-0.0000
-0.1318,-0.1890,0.1777
0.0000,-0.0000,-0.0000
-0.1375,-0.1834,0.1776
0.0000,-0.0000,-0.0000
-0.1375,-0.1833,0.1719
0.0000,-0.0000,-0.0000
-0.1375,-0.1834,0.1776
0.0000,-0.0000,-0.0000
-0.1375,-0.1833,0.1719
0.0000,-0.0000,-0.0000
-0.0802,0.3151,-0.3037
0.0000,-0.0000,-0.0000
-0.0803,0.3209,-0.3036
0.0000,-0.0000,-0.0000
0.1376,0.1833,-0.1719
0.0000,-0.0000,-0.0000
0.1375,0.1833,-0.1777
0.0000,-0.0000,-0.0000
0.1375,0.1891,-0.1776
0.0000,-0.0000,-0.0000
0.1375,0.1891,-0.1776
0.0000,-0.0000,-0.0000
0.1375,0.1891,-0.1776
0.0000,-0.0000,-0.0000
0.1318,0.1948,-0.1833
0.0000,-0.0000,-0.0000
0.1375,0.1948,-0.1834
0.0000,-0.0000,-0.0000
0.1318,0.2005,-0.1891
0.0000,-0.0000,-0.0000
0.0802,-0.3323,0.3152
0.0000,-0.0000,-0.0000
0.1375,0.1948,-0.1891
0.0000,-0.0000,-0.0000
0.0802,-0.3266,0.3094
0.0000,-0.0000,-0.0000
0.0802,-0.3266,0.3094
0.0000,-0.0000,-0.0000
0.2177,-0.1260,0.1203
0.0000,-0.0000,-0.0000
0.0803,-0.3209,0.2979
0.0000,-0.0000,-0.0000
0.0859,-0.3151,0.3037
0.0000,-0.0000,-0.0000
0.0802,-0.3094,0.2979
0.0000,-0.0000,-0.0000
0.0860,-0.3094,0.2923
0.0000,-0.0000,-0.0000
0.0859,-0.3037,0.2921
0.0000,-0.0000,-0.0000
0.0802,-0.3036,0.2866
0.0000,-0.0000,-0.0000
0.0860,-0.2980,0.2921
0.0000,-0.0000,-0.0000
0.0859,-0.2922,0.2808
0.0000,-0.0000,-0.0000
0.0859,-0.2922,0.2865
0.0000,-0.0000,-0.0000
0.0860,-0.2865,0.2807
0.0000,-0.0000,-0.0000
0.0859,-0.2864,0.2751
0.0000,-0.0000,-0.0000
0.0860,-0.2865,0.2750
0.0000,-0.0000,-0.0000
0.0859,-0.2750,0.2750
0.0000,-0.0000,-0.0000
0.0917,-0.2808,0.2750
0.0000,-0.0000,-0.0000
0.0859,-0.2750,0.2693
0.0000,-0.0000,-0.0000
-0.1375,-0.1719,0.1719
0.0000,-0.0000,-0.0000
-0.1375,-0.1719,0.1719
0.0000,-0.0000,-0.0000
-0.1375,-0.1719,0.1661
0.0000,-0.6531,-0.2635
0.8079,-0.1382,0.1368
0.0000,-0.1381,0.1370
0.0000,-0.1382,0.1368
0.0000,-0.1381,0.1369
0.0000,-0.1382,0.1368
0.0000,-0.1381,0.1369
0.0000,-0.1382,0.1369
0.0000,-0.1381,0.1369
0.0000,-0.1382,0.1368
0.0000,0.6532,0.2750
0.1432,0.1662,-0.1661
0.0000,-0.0000,-0.0000
0.1375,0.1719,-0.1718
0.0000,-0.0000,-0.0000
0.1375,0.1718,-0.1720
0.0000,-0.0000,-0.0000
0.0917,-0.2578,0.2578
0.0000,-0.0000,-0.0000
0.0917,-0.2578,0.2579
0.0000,-6.3484,-3.0367
 